method	iteration	positives_as_positives	unlabelled_as_positives	percentage_positives	recall	f1_score_like_estimate
0	1	0.865384615384615	0.1426831256774	0.144480907777533	0.865384615384615	5.18331829488153
0	2	0.853846153846154	0.142443338224997	0.144213013901779	0.853846153846154	5.0553915677431
0	3	0.861538461538462	0.142932504627898	0.144720098738028	0.861538461538462	5.12885582018344
0	4	0.865384615384615	0.143095560095531	0.144892316229585	0.865384615384615	5.16860073765227
0	5	0.873076923076923	0.144438369828984	0.146250920885198	0.873076923076923	5.21202402689703
0	6	0.873076923076923	0.146088107501511	0.147896554693405	0.873076923076923	5.15403022869375
0	7	0.857692307692308	0.142174776278307	0.143954687664444	0.857692307692308	5.11019200978931
0	8	0.865384615384615	0.143997160916564	0.145791674241047	0.865384615384615	5.13671673257684
1	1	0.865384615384615	0.147891309143575	0.149676135439489	0.865384615384615	5.00340639037369
1	2	0.857692307692308	0.147296636261618	0.149063806580622	0.857692307692308	4.93504165463992
1	3	0.861538461538462	0.148102322101689	0.149877055846305	0.861538461538462	4.95238258130193
1	4	0.865384615384615	0.14841884153886	0.150202355552579	0.865384615384615	4.98587741709701
1	5	0.873076923076923	0.149560229812294	0.151360039801376	0.873076923076923	5.03609350664652
1	6	0.873076923076923	0.151123644001957	0.152919564863805	0.873076923076923	4.98473373428943
1	7	0.857692307692308	0.147603564200693	0.149369971010056	0.857692307692308	4.92492627333397
1	8	0.865384615384615	0.149051880413202	0.150833819688286	0.865384615384615	4.9650040958456
2	1	0.803846153846154	0.109227980318246	0.110955902754523	0.803846153846154	5.82365266751807
2	2	0.796153846153846	0.109295120804919	0.111003740946622	0.796153846153846	5.71026653102046
2	3	0.8	0.108940235375363	0.110659305963509	0.8	5.78351720560263
2	4	0.803846153846154	0.109055333352516	0.110783685262967	0.803846153846154	5.8327057591508
2	5	0.811538461538462	0.109726738219242	0.111472555229193	0.811538461538462	5.90813293193209
2	6	0.815384615384615	0.110139172637374	0.111893531319664	0.815384615384615	5.94182758524732
2	7	0.803846153846154	0.108479843466751	0.110209626957778	0.803846153846154	5.86308707224647
2	8	0.807692307692308	0.109256754812534	0.110994173308202	0.807692307692308	5.87748747940011
3	1	0.915384615384615	0.175610738641268	0.177450989772195	0.915384615384615	4.72203054577799
3	2	0.907692307692308	0.174267928907816	0.176092385116582	0.907692307692308	4.67882427112519
3	3	0.911538461538462	0.177500263766198	0.179326246902477	0.911538461538462	4.63346766698226
3	4	0.911538461538462	0.178075753651963	0.179900305207666	0.911538461538462	4.61868236357222
3	5	0.923076923076923	0.181423186487497	0.183268113931438	0.923076923076923	4.64931398942603
3	6	0.915384615384615	0.184924083292569	0.186741166677829	0.915384615384615	4.48711448573339
3	7	0.896153846153846	0.173893860482069	0.17569054430295	0.896153846153846	4.57105827272941
3	8	0.919230769230769	0.18033934720264	0.18217740315158	0.919230769230769	4.63825475872836
4	1	0.838461538461538	0.124372955811968	0.12614931256518	0.838461538461538	5.57290196184027
4	2	0.823076923076923	0.124305815325296	0.126044068542562	0.823076923076923	5.37475209373313
4	3	0.838461538461538	0.124267449332911	0.126044068542562	0.838461538461538	5.5775552123018
4	4	0.842307692307692	0.124363364313872	0.12614931256518	0.842307692307692	5.62414676777672
4	5	0.846153846153846	0.124823756222484	0.12661812684775	0.846153846153846	5.65461161988173
4	6	0.85	0.126521451385492	0.128321166486476	0.85	5.63040392931703
4	7	0.834615384615385	0.123816648922395	0.125584821898411	0.834615384615385	5.54671201269985
4	8	0.842307692307692	0.124593560268178	0.126378935887255	0.842307692307692	5.61392801371308
