method	iteration	internal_iteration	number_of_positives	threshold_positive	number_of_unlabelled	number_of_negatives	threshold_negative	difference_between_matrices	mean_absolute_probability
1	1	1	15343	25.5488843905291	103835	0	0	53.282538702121	32.7350791420192
1	1	2	15346	24.575119898413	103401	0	0	53.5806740474756	32.8449931700285
1	1	3	15358	23.8990158345889	102979	0	0	53.8596175835534	32.9566322528749
1	1	4	15373	23.2496691218	102569	0	0	54.1234940106199	33.06766325894
1	1	5	15385	22.731539687836	102170	0	0	54.3747546101403	33.1781543378526
1	1	6	15389	22.3199076567656	101783	0	0	54.615949594729	33.2879404263232
1	1	7	15396	21.8886855959866	101407	0	0	54.8472228024785	33.3965580262596
1	1	8	15406	21.4659776857942	101042	0	0	55.0684729408623	33.5038053072441
1	1	9	15429	21.1513151751235	100687	0	0	55.2815941996546	33.6096871424308
1	1	10	15438	20.8704926112435	100342	0	0	55.4865871463049	33.713991662711
1	1	11	15446	20.6283937370902	100006	0	0	55.6828657207304	33.8165111659895
1	1	12	15456	20.3712763977027	99680	0	0	55.8726044661619	33.9175991794447
1	1	13	15466	20.1462550084677	99363	0	0	56.0554595265598	34.01663974541
1	1	14	15474	19.877133618472	99055	0	0	56.232804835964	34.1136301583615
1	1	15	15479	19.666780867094	98756	0	0	56.4018335890992	34.2087812381242
1	1	16	15495	19.4251338620245	98466	0	0	56.5667151703642	34.3019352962456
1	1	17	15505	19.2401857370724	98183	0	0	56.7271837842979	34.3928470869096
1	1	18	15511	18.9717672439318	97908	0	0	56.8814733806726	34.4824199442691
1	1	19	15527	18.703185305164	97641	0	0	57.0306459735804	34.5696860024196
1	1	20	15540	18.4531543925232	97381	0	0	57.1755638885802	34.655182880982
1	1	21	15540	18.2305786803899	97129	0	0	57.31586704386	34.7389940260826
1	1	22	15545	18.0154282592114	96884	0	0	57.4526416020779	34.8208634725907
1	1	23	15566	17.8113728550002	96646	0	0	57.5848155632306	34.9009053553945
1	1	24	15573	17.6161743403218	96414	0	0	57.7117871735775	34.9790013448064
1	1	25	15578	17.4776882469649	96189	0	0	57.8350702936267	35.0554943764295
1	1	26	15566	17.292187067873	95986	0	0	57.9541113712752	35.1298671022513
1	1	27	15583	17.2456817481045	95773	0	0	58.0604095106549	35.1972426172137
1	1	28	15597	17.1901680681274	95566	0	0	58.1710916711059	35.2677895601423
1	1	29	15600	17.1567215798198	95367	0	0	58.2792460698004	35.336589497273
1	1	30	15615	17.0761688362892	95171	0	0	58.3803711956241	35.4025037960141
1	1	31	15611	16.9380929687947	94990	0	0	58.482770756858	35.4677948719648
1	1	32	15623	16.9304558536703	94806	0	0	58.5764303768326	35.5284905328935
1	2	1	15316	25.5502094553498	103835	0	0	53.3855534068567	32.9162986676757
1	2	2	15322	24.6067724273401	103401	0	0	53.6841134096196	33.027056235841
1	2	3	15324	23.9520783728298	102980	0	0	53.9630596135705	33.1392953798037
1	2	4	15338	23.2988586569261	102571	0	0	54.226213964058	33.2506995427602
1	2	5	15354	22.820076016676	102173	0	0	54.4765857650279	33.3613635361076
1	2	6	15357	22.4030676620026	101787	0	0	54.7173306297153	33.4714282280129
1	2	7	15363	22.0186087853606	101412	0	0	54.9482246644978	33.580108231201
1	2	8	15373	21.5782828520241	101047	0	0	55.1689311408888	33.687411825056
1	2	9	15378	21.3011037139089	100693	0	0	55.3822313092205	33.7934643169975
1	2	10	15390	20.9936577511439	100349	0	0	55.5862531534967	33.8977574318735
1	2	11	15393	20.7526820101355	100015	0	0	55.7819094537634	34.0001544488446
1	2	12	15413	20.5273518682207	99690	0	0	55.9709349205096	34.100693121048
1	2	13	15430	20.2958134853337	99374	0	0	56.1529708451339	34.1994944813359
1	2	14	15437	20.0532906444977	99067	0	0	56.329106750313	34.2961077346125
1	2	15	15452	19.8654025826752	98768	0	0	56.5004410778734	34.391137625468
1	2	16	15461	19.6089447624186	98478	0	0	56.6674561438038	34.4841692944617
1	2	17	15467	19.3723363869409	98198	0	0	56.829414720077	34.5751671751297
1	2	18	15467	19.14087163263	97924	0	0	56.9830624488802	34.6637380636036
1	2	19	15477	18.9058508920868	97658	0	0	57.1353657060768	34.7508869075527
1	2	20	15493	18.6456631198531	97399	0	0	57.2812041182054	34.8360759906134
1	2	21	15504	18.406669546346	97147	0	0	57.4231914142932	34.9195868388978
1	2	22	15509	18.1975433912647	96903	0	0	57.5604220177361	35.0015562997713
1	2	23	15521	17.9964382686545	96667	0	0	57.6931231260165	35.0812264684503
1	2	24	15528	17.8159033699853	96436	0	0	57.8197999123883	35.1585744285312
1	2	25	15534	17.6714888040114	96212	0	0	57.9441227400633	35.2349183455628
1	2	26	15527	17.4949557492564	96017	0	0	58.0617963601408	35.3089003255513
1	2	27	15564	17.4500678999628	95804	0	0	58.1651280794415	35.3736842099394
1	2	28	15566	17.3789182595086	95597	0	0	58.2752420537726	35.4441735711063
1	2	29	15554	17.3368749149855	95413	0	0	58.3835956999785	35.5131456235592
1	2	30	15566	17.2475727032943	95222	0	0	58.4788257953054	35.574408119871
1	3	1	15369	25.5687971234277	103834	0	0	53.2919036752788	33.7029026714905
1	3	2	15374	24.5974786712348	103399	0	0	53.5912534006922	33.817443655925
1	3	3	15374	23.9554425070306	102976	0	0	53.8709433640286	33.9332879409572
1	3	4	15377	23.3521823070498	102566	0	0	54.1353635435605	34.0484247751243
1	3	5	15385	22.8485497549699	102168	0	0	54.3864660840223	34.1624760776959
1	3	6	15402	22.4485403938322	101781	0	0	54.626844222856	34.2754723854239
1	3	7	15417	22.0504685919894	101404	0	0	54.8581278642333	34.3874426688067
1	3	8	15431	21.6373297458879	101038	0	0	55.0799953696826	34.4981709677077
1	3	9	15448	21.3295138025346	100682	0	0	55.2931485202292	34.6073469306949
1	3	10	15460	21.0343887601181	100336	0	0	55.4979785526262	34.7150020585175
1	3	11	15470	20.782583899073	1e+05	0	0	55.6963494248111	34.8206869650694
1	3	12	15478	20.5793562297986	99673	0	0	55.8889437383178	34.9243230946448
1	3	13	15489	20.3015452476833	99356	0	0	56.0755947649749	35.0265863063196
1	3	14	15495	20.0434691058107	99048	0	0	56.2545811850749	35.1261130936704
1	3	15	15496	19.7949582042838	98749	0	0	56.426586146847	35.2239665360835
1	3	16	15505	19.5329791032342	98459	0	0	56.592854270475	35.3197166851433
1	3	17	15528	19.3317037138181	98176	0	0	56.7546080426475	35.4131957255487
1	3	18	15534	19.0666187855293	97901	0	0	56.9107812480961	35.5052611765319
1	3	19	15540	18.8159410808406	97634	0	0	57.0630595069003	35.5952117547483
1	3	20	15545	18.5167228204205	97374	0	0	57.2098566092439	35.6832536976214
1	3	21	15553	18.2825456670222	97122	0	0	57.3516792081557	35.7696833947738
1	3	22	15566	18.0271869671493	96877	0	0	57.4886689387873	35.8540648131497
1	3	23	15572	17.8192493975325	96640	0	0	57.6221530162682	35.9364066255029
1	3	24	15585	17.5729581184707	96409	0	0	57.7493269171257	36.0168258405488
1	3	25	15590	17.357427582357	96190	0	0	57.8735720275854	36.0955913347896
1	3	26	15612	17.222194820597	95971	0	0	57.9900893189394	36.1706811724936
1	3	27	15609	17.094201731837	95763	0	0	58.1055128900407	36.2461064127658
1	3	28	15618	17.0265182743849	95556	0	0	58.2130759728969	36.3176468171458
1	3	29	15625	16.8848048972808	95355	0	0	58.3215027211132	36.3892339775813
1	3	30	15634	16.9179256537639	95159	0	0	58.4258701742676	36.4586824965308
1	3	31	15651	16.8105578580209	94968	0	0	58.5255908630248	36.5262244162886
1	4	1	15388	25.4557922224128	103833	0	0	53.0203194537027	32.5843409673838
1	4	2	15383	24.4989990571088	103398	0	0	53.3202261971528	32.6946397228629
1	4	3	15396	23.8400432305347	102975	0	0	53.5999382117154	32.8062251852025
1	4	4	15401	23.2158812008259	102564	0	0	53.8641668311654	32.917273592635
1	4	5	15420	22.7292051637893	102164	0	0	54.1158842420525	33.0277182157444
1	4	6	15434	22.3091367765267	101776	0	0	54.3575436891463	33.137273643939
1	4	7	15448	21.9559164867271	101399	0	0	54.5892689755182	33.2456649929309
1	4	8	15459	21.5278555495645	101032	0	0	54.8112343823922	33.3527936275421
1	4	9	15464	21.2241235492662	100676	0	0	55.0251168686816	33.4584934891493
1	4	10	15471	20.9411619206827	100330	0	0	55.2301286295298	33.5624513124642
1	4	11	15477	20.6937249002254	99994	0	0	55.427186173478	33.6643973768601
1	4	12	15493	20.4498899555404	99667	0	0	55.6172078735939	33.7646223252165
1	4	13	15497	20.1994593088272	99350	0	0	55.8008335983123	33.8632191907744
1	4	14	15504	19.9685850855191	99044	0	0	55.9765537677144	33.9593649936228
1	4	15	15522	19.7205632494113	98748	0	0	56.1452800926389	34.0532803915646
1	4	16	15537	19.4837407048756	98456	0	0	56.30734761835	34.1447570415909
1	4	17	15538	19.2639096000534	98173	0	0	56.4702940504188	34.2356575308015
1	4	18	15545	18.9966253697793	97898	0	0	56.6250220500507	34.3245354822418
1	4	19	15552	18.74002143579	97631	0	0	56.7772982484344	34.4115170067987
1	4	20	15561	18.4905310193613	97371	0	0	56.9238892733339	34.4965208230004
1	4	21	15571	18.2673366367646	97118	0	0	57.0658982596384	34.5798054798051
1	4	22	15586	18.0126054578476	96872	0	0	57.2028252363971	34.6615379732102
1	4	23	15592	17.7912678871722	96633	0	0	57.3370162611729	34.7414134220625
1	4	24	15606	17.5960629858211	96401	0	0	57.4647579322905	34.8195343439911
1	4	25	15619	17.3750660207887	96175	0	0	57.5896673620034	34.8958486138316
1	4	26	15626	17.2052707094705	95956	0	0	57.7093690677771	34.9704569315462
1	4	27	15628	17.1465284087588	95745	0	0	57.8248225530159	35.0430497401163
1	4	28	15646	17.081244887818	95539	0	0	57.9345700685671	35.1129577121854
1	4	29	15652	17.0312087552699	95337	0	0	58.0423078190998	35.1813504743848
1	4	30	15654	16.9452630679913	95141	0	0	58.1458300554874	35.2484261304365
1	4	31	15662	16.856436952993	94951	0	0	58.2469327619695	35.3135023596725
1	4	32	15674	16.8380318331923	94771	0	0	58.3444443602342	35.3767354967582
1	5	1	15532	25.3027183627566	103831	0	0	52.3049273115834	31.9038316867068
1	5	2	15541	24.3897530203027	103391	0	0	52.6067154237066	32.0126837315044
1	5	3	15557	23.7292397195114	102963	0	0	52.8896679938428	32.1233715924264
1	5	4	15572	23.1124787598838	102547	0	0	53.1573445174616	32.2334972843491
1	5	5	15586	22.6383036807749	102143	0	0	53.4122487167726	32.3429698475673
1	5	6	15592	22.2164425918633	101751	0	0	53.6567780501242	32.4514845035092
1	5	7	15595	21.8197256729292	101370	0	0	53.8912334738358	32.5590564731134
1	5	8	15600	21.4208743977922	101000	0	0	54.115318823704	32.664976387513
1	5	9	15600	21.1098011316316	100642	0	0	54.3309227352642	32.7696613390737
1	5	10	15614	20.8135071164836	100293	0	0	54.5374568169548	32.8722716163113
1	5	11	15621	20.6009354184006	99954	0	0	54.7353346284172	32.9734350888925
1	5	12	15628	20.3541954990037	99624	0	0	54.9274426984076	33.0727311851062
1	5	13	15642	20.1170191809705	99304	0	0	55.1113281264658	33.1705929228189
1	5	14	15647	19.870242819682	98993	0	0	55.2894094298185	33.2657003990519
1	5	15	15656	19.6636040896904	98691	0	0	55.4627994559419	33.3593197045494
1	5	16	15649	19.4195781026345	98409	0	0	55.6309719461395	33.4511314459354
1	5	17	15676	19.229589055923	98127	0	0	55.7874420345453	33.5370888245544
1	5	18	15686	18.9416168542162	97849	0	0	55.9429159560436	33.6238957312455
1	5	19	15695	18.7107985503755	97579	0	0	56.0966836847506	33.7100280460563
1	5	20	15708	18.4688696973182	97316	0	0	56.244661287145	33.7941347683315
1	5	21	15720	18.2217390590278	97061	0	0	56.388715939556	33.8768292872437
1	5	22	15732	17.9797101089569	96813	0	0	56.5263728070805	33.9574534217617
1	5	23	15747	17.8034495630998	96571	0	0	56.6612059996963	34.0363092636688
1	5	24	15754	17.5611728319776	96336	0	0	56.7910970931561	34.1138737642424
1	5	25	15754	17.3866396381259	96108	0	0	56.9164778803782	34.1895009647767
1	5	26	15752	17.2229555207621	95896	0	0	57.0374127393287	34.2630939456001
1	5	27	15775	17.1889031055669	95680	0	0	57.1478324649211	34.3316387993807
1	5	28	15784	17.1391754890667	95470	0	0	57.2602389585222	34.4014364235244
1	5	29	15790	17.1054659139597	95266	0	0	57.3688637326987	34.469605382641
1	5	30	15789	17.0242130482091	95068	0	0	57.4730104453227	34.5355039702363
1	5	31	15772	16.9143573607005	94902	0	0	57.5755126974534	34.5999314801556
1	5	32	15803	16.9090563908134	94714	0	0	57.6605121623743	34.6539263955104
1	6	1	15710	25.1954159606479	103824	0	0	52.1593570776007	33.3814548293618
1	6	2	15716	24.2937250414169	103379	0	0	52.4642788730893	33.4996913386014
1	6	3	15723	23.6907681494042	102947	0	0	52.7493460457135	33.6189909158095
1	6	4	15735	23.09815931227	102527	0	0	53.0181951896307	33.7370662694012
1	6	5	15744	22.6131118098428	102119	0	0	53.2740365906806	33.8543734551488
1	6	6	15755	22.212951230479	101723	0	0	53.5199098394735	33.9702882099307
1	6	7	15767	21.8653108666573	101338	0	0	53.7559652789907	34.0851801520675
1	6	8	15779	21.4794894397732	100964	0	0	53.9840247765274	34.1984671168103
1	6	9	15787	21.1733130280336	100601	0	0	54.2032379821141	34.3100918355405
1	6	10	15791	20.8966268165191	100248	0	0	54.4135734887532	34.4196205664633
1	6	11	15796	20.6766360788656	99905	0	0	54.6163357863154	34.5273058605395
1	6	12	15809	20.4546553167053	99572	0	0	54.8127249859329	34.632964028453
1	6	13	15819	20.1912703497574	99248	0	0	55.0010671843715	34.7366416719526
1	6	14	15825	19.9702166814349	98933	0	0	55.1833925700709	34.8381783896012
1	6	15	15830	19.7213055618621	98627	0	0	55.3591943797327	34.9378495382692
1	6	16	15837	19.4713489731793	98330	0	0	55.5308350000649	35.0353817955475
1	6	17	15850	19.2470854299506	98041	0	0	55.6986263117426	35.1306908710741
1	6	18	15862	18.9919246670242	97760	0	0	55.8620684823162	35.2241778822917
1	6	19	15869	18.7497877976872	97488	0	0	56.0196779830827	35.315639801735
1	6	20	15878	18.4719530205869	97223	0	0	56.1707246786952	35.4046473625792
1	6	21	15886	18.2193412990442	96965	0	0	56.3171814945908	35.49207478946
1	6	22	15910	18.013178685759	96714	0	0	56.4581334145522	35.5775635732019
1	6	23	15918	17.7682636760509	96470	0	0	56.5942295609427	35.6615346049955
1	6	24	15919	17.563315226567	96233	0	0	56.7273719300659	35.7435456588555
1	6	25	15923	17.3511390459971	96006	0	0	56.8544539144722	35.8234843805614
1	6	26	15931	17.1921285642596	95783	0	0	56.9756543642814	35.9005651659119
1	6	27	15943	17.1711219745887	95566	0	0	57.0922131129546	35.97603381029
1	6	28	15952	17.104993259619	95355	0	0	57.2041978719605	36.0495275654627
1	6	29	15938	17.0672406784574	95172	0	0	57.3133810350598	36.1210442123017
1	6	30	15977	17.0330213394755	94972	0	0	57.4072614618845	36.1831451827933
1	7	1	15287	25.5913035837446	103836	0	0	53.600947789486	33.2974228501317
1	7	2	15297	24.6706096099823	103403	0	0	53.8991236360141	33.4094434231379
1	7	3	15300	24.0272779031718	102983	0	0	54.177657673845	33.5227431752618
1	7	4	15304	23.4029729395956	102575	0	0	54.4403915318207	33.6349859911872
1	7	5	15320	22.9033401315575	102178	0	0	54.6903933980379	33.7464952728263
1	7	6	15331	22.4656624498542	101792	0	0	54.9309372703636	33.8572268529562
1	7	7	15341	22.0521448008386	101417	0	0	55.1617559134699	33.9671905355826
1	7	8	15350	21.6687358865895	101053	0	0	55.382623735684	34.0753561491243
1	7	9	15360	21.295487460884	100699	0	0	55.59523803138	34.1821995277754
1	7	10	15367	21.0321547879778	100355	0	0	55.7992805987085	34.2876114006962
1	7	11	15381	20.755299786615	100021	0	0	55.9965050239873	34.3910766100171
1	7	12	15398	20.5219349424266	99696	0	0	56.1912391855654	34.4927640033721
1	7	13	15405	20.2532093909052	99380	0	0	56.378949576807	34.5930127425004
1	7	14	15411	19.9645590231386	99073	0	0	56.5584094281743	34.6909101119699
1	7	15	15435	19.7314152024415	98776	0	0	56.7323574583114	34.7873218741395
1	7	16	15447	19.458704292247	98486	0	0	56.8993775399677	34.8812219858688
1	7	17	15457	19.2054157313213	98204	0	0	57.061496477226	34.9736654461829
1	7	18	15471	18.9078207381697	97931	0	0	57.2183060095769	35.0643526441935
1	7	19	15478	18.6685365771853	97665	0	0	57.3705737121607	35.1528315386111
1	7	20	15480	18.4057254724294	97406	0	0	57.5176198821931	35.2395904834233
1	7	21	15488	18.1288001219902	97155	0	0	57.660088681712	35.3247521749099
1	7	22	15497	17.8780887644489	96911	0	0	57.7975730081568	35.4079011516373
1	7	23	15514	17.6145979444009	96673	0	0	57.9295784155749	35.4891208850147
1	7	24	15526	17.3678321801412	96442	0	0	58.0574545986078	35.5691762686505
1	7	25	15531	17.1500334502552	96218	0	0	58.1826673413898	35.647482121935
1	7	26	15536	16.9118911625225	96000	0	0	58.3025926522385	35.7238503112197
1	7	27	15539	16.7508383636777	95788	0	0	58.4182258566978	35.7984630704536
1	7	28	15545	16.6308953834322	95591	0	0	58.529662076962	35.8711434630419
1	7	29	15566	16.5679438983012	95390	0	0	58.6330593434626	35.9390711518457
1	7	30	15568	16.4381171597739	95195	0	0	58.7364828892309	36.008333870045
1	7	31	15540	16.4636367966152	95043	0	0	58.8368947556246	36.0757202101772
1	7	32	15593	16.3810996421528	94857	0	0	58.9141909304013	36.1282650245479
1	8	1	15484	25.36530854669	103831	0	0	52.735716076842	33.111874577946
1	8	2	15487	24.441046143767	103393	0	0	53.0374502347767	33.2254763471458
1	8	3	15494	23.7657214783815	102967	0	0	53.3192062478967	33.3404076198375
1	8	4	15512	23.1677648232106	102553	0	0	53.5853938867448	33.4547637609774
1	8	5	15522	22.6876239560304	102151	0	0	53.839060559614	33.5683439814534
1	8	6	15528	22.2633184781027	101760	0	0	54.0824119909714	33.6809099832515
1	8	7	15544	21.8846480097215	101380	0	0	54.3161246179392	33.7925221132917
1	8	8	15555	21.473701281614	101011	0	0	54.5398727467491	33.9026796836319
1	8	9	15566	21.165034844203	100652	0	0	54.7552132057053	34.011277798803
1	8	10	15570	20.8769257988028	100304	0	0	54.9616320283341	34.1184176502907
1	8	11	15583	20.642684123204	99966	0	0	55.1607466572647	34.2231761715994
1	8	12	15585	20.4341699352034	99637	0	0	55.3548066155577	34.3260826791636
1	8	13	15586	20.1631218649341	99318	0	0	55.5414712415414	34.4275266727686
1	8	14	15598	19.9237344965818	99008	0	0	55.7214535844742	34.5261339694758
1	8	15	15616	19.665704108678	98707	0	0	55.8940387711519	34.6232036977767
1	8	16	15633	19.4189634294746	98414	0	0	56.0609132153511	34.7182718565184
1	8	17	15640	19.2218255372633	98130	0	0	56.2235775283852	34.8113643003272
1	8	18	15644	18.9268184228129	97853	0	0	56.3803287837705	34.9025324057394
1	8	19	15656	18.6627678551538	97584	0	0	56.53351780484	34.9918871908715
1	8	20	15669	18.3832756476415	97322	0	0	56.6808698147237	35.0792696262645
1	8	21	15680	18.1780058153226	97068	0	0	56.8231215118442	35.1651173573668
1	8	22	15688	17.9228853869004	96821	0	0	56.9619307247371	35.2489133524438
1	8	23	15692	17.6463020983055	96582	0	0	57.0946148142921	35.3308604852145
1	8	24	15702	17.4489914929445	96348	0	0	57.2243040972206	35.4108640799994
1	8	25	15716	17.2363452804272	96121	0	0	57.3488828852109	35.4896038649298
1	8	26	15723	17.0840379951256	95900	0	0	57.4699259023892	35.5664348435331
1	8	27	15732	16.9975345501816	95687	0	0	57.5856371025114	35.6413819476812
1	8	28	15736	16.9214213999627	95480	0	0	57.6966095356267	35.7136242886283
1	8	29	15707	16.8495474400204	95316	0	0	57.8038084014267	35.7840357539591
1	8	30	15758	16.8364835498931	95118	0	0	57.8887023312127	35.839834136334
2	1	1	15343	25.5488843905291	103835	0	0	53.282538702121	32.7350791420192
2	1	2	12493	27.3436089470126	103484	0	0	64.9136754045152	49.4590646774479
2	1	3	11853	27.2851176659056	103162	0	0	66.2537460489204	55.2556613822914
2	1	4	11553	26.5257097264251	102858	0	0	66.9677754325761	58.8824256586045
2	1	5	11559	25.8436164586903	102562	0	0	67.098422470411	61.1739552751543
2	1	6	11697	25.3609938693299	102271	0	0	66.9651086223689	62.7772713872382
2	2	1	15316	25.5502094553498	103835	0	0	53.3855534068567	32.9162986676757
2	2	2	12520	27.3106308686747	103484	0	0	64.9197653643877	49.6748703994933
2	2	3	11894	27.2639602746807	103160	0	0	66.2508971618534	55.4305466228238
2	2	4	11593	26.5479597682498	102855	0	0	66.9379479118537	59.1098850360198
2	2	5	11584	25.8712532847981	102559	0	0	67.0838269419055	61.4354110422494
2	2	6	11701	25.4107204901084	102269	0	0	66.9619264498006	63.0453663040397
2	3	1	15369	25.5687971234277	103834	0	0	53.2919036752788	33.7029026714905
2	3	2	12449	27.3769983869167	103484	0	0	64.9710334186097	50.526694293964
2	3	3	11829	27.2775999958487	103162	0	0	66.2657925160148	56.2243852400408
2	3	4	11542	26.5483626658686	102858	0	0	66.9617008831425	59.8567038412605
2	3	5	11537	25.8658675818129	102563	0	0	67.098422470411	62.1430303678831
2	3	6	11665	25.3889157346774	102273	0	0	66.966524238299	63.7076941741635
2	4	1	15388	25.4557922224128	103833	0	0	53.0203194537027	32.5843409673838
2	4	2	12468	27.2822620555125	103482	0	0	64.870357042611	49.3896019586477
2	4	3	11865	27.2683541062507	103159	0	0	66.2124639004765	55.1073751758327
2	4	4	11567	26.5305881172918	102854	0	0	66.9117040847177	58.7511333767853
2	4	5	11547	25.8437298877259	102559	0	0	67.0595879589216	61.0551197000536
2	4	6	11678	25.3868563181138	102269	0	0	66.9303656850217	62.6376809052117
2	5	1	15532	25.3027183627566	103831	0	0	52.3049273115834	31.9038316867068
2	5	2	12564	27.3034127883712	103480	0	0	64.6578053709748	48.7981499761109
2	5	3	11915	27.2461540357799	103156	0	0	66.0887263391458	54.5055752618451
2	5	4	11610	26.5110700832068	102850	0	0	66.821114984232	58.1602618332154
2	5	5	11621	25.8310905252639	102553	0	0	66.9728058710706	60.4556664757973
2	5	6	11752	25.3669060734298	102261	0	0	66.8570183854672	62.0579171629474
2	6	1	15710	25.1954159606479	103824	0	0	52.1593570776007	33.3814548293618
2	6	2	12609	27.2756018150963	103471	0	0	64.6038006626599	50.3821299102787
2	6	3	11966	27.2267420660074	103146	0	0	66.0328602405623	56.0261270149881
2	6	4	11657	26.5153341132733	102839	0	0	66.7842360235868	59.5941261449444
2	6	5	11663	25.8127353041072	102541	0	0	66.9423892153189	61.847907801734
2	6	6	11797	25.3424931068871	102248	0	0	66.823270836385	63.3765987783256
2	7	1	15287	25.5913035837446	103836	0	0	53.600947789486	33.2974228501317
2	7	2	12371	27.394019917922	103488	0	0	65.0170226476016	50.1153426313774
2	7	3	11747	27.311603119468	103169	0	0	66.3320771490414	55.8426532250663
2	7	4	11479	26.5639896366094	102867	0	0	67.0019171140265	59.4118432174426
2	7	5	11492	25.8703960544276	102573	0	0	67.1263562431211	61.625698009784
2	7	6	11617	25.3849025230037	102284	0	0	66.9935116716768	63.183042651685
2	8	1	15484	25.36530854669	103831	0	0	52.735716076842	33.111874577946
2	8	2	12498	27.304569569714	103480	0	0	64.7788766056583	49.9834844607748
2	8	3	11855	27.2667695229103	103158	0	0	66.1415857299824	55.7027381129638
2	8	4	11567	26.5305091464604	102853	0	0	66.8643017628842	59.3264501668276
2	8	5	11575	25.8613252313468	102557	0	0	67.0044605375763	61.5916273649242
2	8	6	11701	25.4099743560423	102266	0	0	66.8886987174764	63.184351477561
3	1	1	15343	25.5488843905291	73346	119875	-45.3798009757786	53.282538702121	32.7350791420192
3	1	2	16071	26.1939219785554	71177	90380	-44.476185430441	55.749461350087	26.4661708993806
3	1	3	16251	25.8914047806951	69101	90107	-44.6676883684249	56.7804931138543	26.4372861712206
3	1	4	16463	25.6624184948269	67041	89879	-44.6807111119135	57.6363206670208	26.2830894412412
3	1	5	16694	25.5912892029905	65083	89546	-44.7344244625248	58.4055310230284	26.051353498444
3	1	6	16913	25.530237854355	63167	89285	-44.6744124849212	59.0462059836036	25.7773325084041
3	1	7	17127	25.3999750586128	61271	89051	-44.5055120521642	59.5832340905109	25.4641708227433
3	1	8	17341	25.3106685847126	59434	88778	-44.2994863480578	60.0703989777781	25.1165365237873
3	1	9	17526	25.220967838696	57650	88540	-43.9751793045283	60.4791109427781	24.7501954689847
3	1	10	17708	25.0919234292928	55920	88304	-43.6804807176227	60.8217958596453	24.3685683011207
3	1	11	17871	24.9427611966317	54241	88090	-43.3054762925518	61.1125652973162	23.9772268127125
3	1	12	18014	24.6637518087889	52617	87892	-42.9348667717754	61.3562676762815	23.5758789239563
3	1	13	18141	24.3860520209596	51041	87717	-42.5576664519907	61.5612601301954	23.1695367616682
3	1	14	18255	24.0386774038941	49509	87559	-42.1710028927868	61.7379429392831	22.7578346721074
3	1	15	18346	23.6940218787066	48022	87423	-41.75741149155	61.9012183548323	22.3417759906729
3	1	16	18430	23.3349299201778	46581	87293	-41.3613698093941	62.0484327053325	21.9216625372756
3	1	17	18529	22.9634059915903	45183	87151	-40.982691503961	62.1795257309517	21.5002899333678
3	1	18	18602	22.5187433149745	43827	87036	-40.5698865145113	62.296269991526	21.0759358317538
3	1	19	18664	22.0826124045139	42511	86934	-40.1375249140001	62.395901713785	20.6494018942462
3	2	1	15316	25.5502094553498	73310	119938	-45.352634522076	53.3855534068567	32.9162986676757
3	2	2	16005	26.2096903525676	71121	90466	-44.4359498921107	55.8907128368811	26.7094742012615
3	2	3	16172	25.9235986180602	69094	90137	-44.6758645067209	56.9465284980097	26.683857158407
3	2	4	16351	25.7310381862349	67085	89940	-44.6915498187373	57.8037686953169	26.5384530271038
3	2	5	16569	25.6608105892959	65084	89714	-44.7968207161334	58.5328538425851	26.3202840762489
3	2	6	16792	25.6436888436686	63131	89443	-44.7151156650247	59.209031538771	26.0426424882389
3	2	7	16995	25.5567315108104	61242	89176	-44.6000703323125	59.7599000578531	25.7245038083657
3	2	8	17204	25.4522937986269	59420	88900	-44.3792780940788	60.2458769997901	25.3817735479683
3	2	9	17380	25.3975128288447	57637	88685	-44.0716962674366	60.6553769928001	25.0206359873702
3	2	10	17525	25.2900197386985	55908	88486	-43.7826794261608	61.0005574393017	24.6414882463211
3	2	11	17705	25.1128482102593	54229	88256	-43.4178654362314	61.2913891537924	24.2509342197044
3	2	12	17827	24.8766106763765	52601	88083	-43.0265073834215	61.535738443776	23.8510323663098
3	2	13	17956	24.6154127399446	51023	87904	-42.6537707720613	61.7407713011099	23.4447182116437
3	2	14	18074	24.3162452317575	49491	87740	-42.2926759473083	61.9079640595366	23.0338693252842
3	2	15	18162	23.9930019921246	48005	87606	-41.8872686979647	62.0604142394229	22.6192178713732
3	2	16	18257	23.6322815780338	46564	87466	-41.4663702022354	62.2007045753016	22.2010230701908
3	2	17	18343	23.2279516258458	45166	87337	-41.0802635815273	62.3327875886303	21.7812747082853
3	2	18	18425	22.7969811782437	43811	87212	-40.6744897477181	62.450409636279	21.3588477251271
3	2	19	18519	22.3854330843961	42496	87078	-40.2659498951426	62.5479035109876	20.9348588370848
3	3	1	15369	25.5687971234277	73303	119892	-46.8436249114733	53.2919036752788	33.7029026714905
3	3	2	16096	26.2452552557025	71182	90307	-45.963460168613	55.8184850880842	27.1965401704064
3	3	3	16295	25.9703531947943	69072	90097	-46.1369499611554	56.8518031496337	27.15657680669
3	3	4	16500	25.7930807904895	67030	89824	-46.176685348355	57.7605785079025	26.9851108608181
3	3	5	16702	25.725947726356	65020	89590	-46.211777383791	58.5273875240221	26.7423567956643
3	3	6	16955	25.6967870332819	63074	89273	-46.1366300869416	59.2032594189819	26.4416062681722
3	3	7	17167	25.5901168302711	61183	89006	-45.9595122023206	59.7643919172818	26.1053157116372
3	3	8	17361	25.5080947402933	59351	88753	-45.74414150331	60.2513868759058	25.7420378582462
3	3	9	17564	25.4135964726047	57570	88499	-45.4153633486353	60.663305543012	25.3599699330713
3	3	10	17740	25.2831224457088	55842	88270	-45.0710650171284	61.0112201932912	24.9621431363119
3	3	11	17891	25.1185951215198	54166	88067	-44.6682702705763	61.3068868318117	24.553459131438
3	3	12	18043	24.8650468364556	52540	87865	-44.25850776903	61.5536472471995	24.135222643364
3	3	13	18163	24.5636838157679	50963	87696	-43.8609443408551	61.7622142762835	23.711880486648
3	3	14	18282	24.199378426013	49434	87529	-43.4620441689331	61.9260785032664	23.28287448383
3	3	15	18372	23.9051314503495	47950	87394	-43.036526521922	62.0798248219065	22.8515592842666
3	3	16	18457	23.463948128469	46511	87264	-42.5840147610059	62.2240126385842	22.4169257766585
3	3	17	18538	23.100336299384	45115	87140	-42.1651606127739	62.3619742990654	21.9815440512892
3	3	18	18619	22.6110254927147	43761	87017	-41.731786283707	62.4772578276193	21.5433710661711
3	3	19	18680	22.164413102781	42447	86916	-41.2792342197793	62.5836057289053	21.103740870625
3	3	20	18782	21.7699487474236	41173	86774	-40.8724362744267	62.6836715406682	20.6615354719606
3	3	21	18845	21.216463445553	39938	86672	-40.4705984496032	62.7673667869952	20.2178046584706
3	4	1	15388	25.4557922224128	73278	119898	-45.1374319144125	53.0203194537027	32.5843409673838
3	4	2	16137	26.128624228983	71175	90248	-44.2772007073855	55.563679407595	26.3183264104626
3	4	3	16303	25.8300104336061	69101	90053	-44.4233632910692	56.5979683106144	26.2921496393747
3	4	4	16519	25.6491928904932	67068	89796	-44.438946078399	57.477539535755	26.1414426169261
3	4	5	16741	25.5769763086694	65075	89534	-44.5131448162443	58.2143321004038	25.9167146588088
3	4	6	16980	25.5577044464912	63122	89255	-44.4495195543727	58.8906870147196	25.639124352338
3	4	7	17197	25.4462584763617	61235	88972	-44.3149715841764	59.4506310602186	25.3200339341671
3	4	8	17399	25.3768586935915	59406	88712	-44.0961081877721	59.9492286679203	24.9755931922067
3	4	9	17587	25.2894616678395	57625	88476	-43.7814658563541	60.3606592109923	24.6109719728778
3	4	10	17786	25.1664338254114	55898	88223	-43.4640065173589	60.7070240162385	24.2312965626917
3	4	11	17937	24.9712244856659	54221	88022	-43.0807307534303	60.9968311504989	23.8409920525177
3	4	12	18069	24.7510331773623	52594	87840	-42.6868008567412	61.2425450864303	23.4411743056116
3	4	13	18213	24.45133551689	51017	87646	-42.3198312888526	61.4591311576901	23.0349353534192
3	4	14	18324	24.1090147556889	49486	87489	-41.9278883188469	61.6362621751461	22.6247991700951
3	4	15	18408	23.7991020231274	48004	87356	-41.5085569910715	61.80245918639	22.2112028486628
3	4	16	18508	23.4150575737709	46564	87214	-41.0772010405386	61.9431403026764	21.7947774415017
3	4	17	18604	22.9807793750279	45166	87076	-40.6657849525097	62.0842294814059	21.3762356758043
3	4	18	18686	22.5354427240859	43812	86950	-40.2480757557257	62.2114308679138	20.9560022925632
3	4	19	18739	22.1176786322111	42499	86856	-39.8362301344866	62.3173546807593	20.5345338962143
3	4	20	18840	21.685561048352	41224	86717	-39.4544040599797	62.417878493977	20.1112650002224
3	4	21	18907	21.1927284695077	39986	86613	-39.0514541565757	62.5091720898814	19.6855320652872
3	5	1	15532	25.3027183627566	73325	119707	-44.2599239298064	52.3049273115834	31.9038316867068
3	5	2	16299	26.0150127665618	71126	90182	-43.3324020188319	54.8128016489479	25.7461168433641
3	5	3	16505	25.73215205379	69047	89856	-43.5685933392791	55.8923226399065	25.7250101333808
3	5	4	16739	25.5294888448555	67007	89583	-43.615026636247	56.79322084972	25.5788929229188
3	5	5	16998	25.4788008990663	65018	89273	-43.6829182187576	57.5533416617908	25.3602905967221
3	5	6	17245	25.4289772364993	63076	88979	-43.658305249563	58.2166776693449	25.0898839698765
3	5	7	17475	25.3290140752285	61183	88700	-43.497639706757	58.7704925671194	24.7807595856419
3	5	8	17698	25.2255076074017	59346	88421	-43.2887721334869	59.2571060232012	24.4434963463623
3	5	9	17901	25.1364496878636	57566	88161	-42.9915001380863	59.6709485467555	24.0870766235124
3	5	10	18106	24.9997878556539	55839	87903	-42.6837172791118	60.0192208930222	23.715881867345
3	5	11	18246	24.8362455936327	54163	87712	-42.3248965374641	60.3169179198216	23.3341497940306
3	5	12	18384	24.5893508725852	52537	87524	-41.9278274535188	60.5662552790936	22.9421941486076
3	5	13	18508	24.2790057023418	50960	87351	-41.548011690287	60.783739485906	22.5442557521079
3	5	14	18642	23.9524839990729	49430	87170	-41.1879901294455	60.9684805739744	22.1412166550991
3	5	15	18769	23.5958577834949	47946	86997	-40.7867488229776	61.1371316629398	21.7351964094066
3	5	16	18860	23.1746874453452	46506	86862	-40.354081540689	61.3069244095106	21.3261414378737
3	5	17	18990	22.7685298953189	45110	86688	-39.9812345612723	61.4701228762302	20.9163750434627
3	5	18	19094	22.3341132159659	43756	86542	-39.5681559388609	61.6032712880363	20.5047932184885
3	5	19	19159	21.90732393397	42443	86436	-39.1462611955967	61.7155820239299	20.0914940736908
3	5	20	19218	21.4506511716325	41168	86339	-38.7670243123654	61.8222277662041	19.6764755084465
3	5	21	19264	20.9735281039231	39932	86254	-38.3716757315338	61.9132047172878	19.2577779095802
3	6	1	15710	25.1954159606479	66198	126656	-45.2452323353633	52.1593570776007	33.3814548293618
3	6	2	17577	28.5066991976378	64266	88637	-47.0051484106847	57.8295119054184	26.3943546873233
3	6	3	17797	28.0222342650211	62346	88405	-46.7369274169017	58.4253562726697	26.0627902948133
3	6	4	17996	27.6843966925391	60616	88016	-46.4569267143799	58.9597420811889	25.6953317440697
3	6	5	18202	27.3683866020245	58841	87855	-46.2030919716359	59.3666822519477	25.3465547270442
3	6	6	18370	27.0824049323559	57089	87664	-45.8639041894505	59.7740642207672	24.958680603818
3	6	7	18522	26.8179175142946	55378	87471	-45.4595126069134	60.1333014954325	24.5486164774601
3	6	8	18691	26.5554985178663	53716	87253	-45.0650078852341	60.4398867350412	24.1262517392652
3	6	9	18843	26.3196269014082	52110	87045	-44.629934761132	60.7164406012593	23.6959880786198
3	6	10	18978	26.0386575686744	50545	86869	-44.2084239226386	60.9496713353743	23.2609249770254
3	6	11	19158	25.6733161397459	49029	86640	-43.7163358746911	61.1620527815136	22.8188156664014
3	6	12	19272	25.3046902224484	47557	86482	-43.2328022982997	61.3596502417125	22.3749109268161
3	6	13	19361	24.8773887979767	46129	86349	-42.7828526443524	61.537661014668	21.93010482563
3	6	14	19451	24.4671914629984	44744	86216	-42.3283714657378	61.7011480647751	21.4844638339106
3	6	15	19505	23.9848376188695	43410	86111	-41.866204321334	61.8415196554029	21.0366521825297
3	6	16	19562	23.5126161952202	42107	86023	-41.420356229501	61.964567482924	20.5886896465955
3	6	17	19617	23.02222923444	40843	85929	-40.9308500571335	62.0767752357041	20.1374057883303
3	6	18	19659	22.542974350087	39616	85850	-40.5326832460193	62.1693539994797	19.6845219997724
3	7	1	15287	25.5913035837446	73376	119901	-46.2627660910158	53.600947789486	33.2974228501317
3	7	2	16009	26.2976608454355	71239	90410	-45.3782026019966	56.1192788458588	26.8793735047954
3	7	3	16198	25.9996981271381	69168	90155	-45.5258185536157	57.1586540404576	26.8465421210638
3	7	4	16404	25.7982048156243	67092	89954	-45.5233360595812	58.0545708263312	26.6859376171966
3	7	5	16602	25.7786598386934	65095	89677	-45.606168850859	58.8570957953824	26.4431516128345
3	7	6	16815	25.7211345613659	63148	89414	-45.5033835314365	59.5408557577816	26.1473982858575
3	7	7	17043	25.6468897272719	61267	89120	-45.3294074532325	60.0857900479001	25.8157656051001
3	7	8	17214	25.5312634824883	59431	88904	-45.113717675238	60.567358890571	25.4588176012436
3	7	9	17415	25.4517677939857	57672	88626	-44.7539602473135	60.979135501035	25.0797549029516
3	7	10	17581	25.3238195594145	55943	88430	-44.4321265273125	61.3216990317905	24.693209426702
3	7	11	17720	25.126077659327	54272	88233	-44.0139718517765	61.6048338560786	24.2899157835205
3	7	12	17877	24.9015575359997	52643	88034	-43.5860754005001	61.8494840533738	23.879171782853
3	7	13	18020	24.6061707267869	51063	87842	-43.1693879665626	62.0524981591435	23.4614394283806
3	7	14	18117	24.2034848368356	49531	87697	-42.7745726890814	62.2235992307489	23.0394093399001
3	7	15	18206	23.9125484515285	48044	87563	-42.3272411190472	62.3804964073947	22.6145672627141
3	7	16	18283	23.4803798291755	46601	87442	-41.864558734066	62.5287522855041	22.1873354520577
3	7	17	18369	23.0536589886433	45202	87312	-41.3938932148457	62.6778719035698	21.7587093479652
3	7	18	18422	22.6242948997835	43858	87204	-40.9462414520875	62.7972955464312	21.3294613209662
3	7	19	18477	22.1291947923842	42541	87122	-40.5113149472665	62.8964655371747	20.9032057804887
3	8	1	15484	25.36530854669	73320	119760	-46.1242770832753	52.735716076842	33.111874577946
3	8	2	16254	26.0514374104034	71138	90210	-45.2100253743415	55.2284029936193	26.6751771529683
3	8	3	16455	25.7647049135858	69047	89918	-45.4312709542394	56.2709503297356	26.6369583875823
3	8	4	16674	25.602307096453	66991	89664	-45.4757370715976	57.1446509330618	26.4721483931785
3	8	5	16925	25.5390782666835	64990	89358	-45.5068250408231	57.9119093025951	26.232729340543
3	8	6	17180	25.4958664159495	63046	89046	-45.4544014093104	58.5847888617509	25.9407161003224
3	8	7	17403	25.3938986157238	61156	88769	-45.3137480376688	59.1542406399623	25.6104323111041
3	8	8	17611	25.3029184232616	59347	88480	-45.0886503276694	59.637599478635	25.2545862451976
3	8	9	17816	25.204280444763	57566	88247	-44.7993913439886	60.0609558194706	24.8850305079674
3	8	10	17981	25.0908860083281	55840	88027	-44.4388122145484	60.4122911369802	24.4941193429422
3	8	11	18165	24.8815175425887	54165	87792	-44.0493061182987	60.7127992729965	24.0923538194572
3	8	12	18288	24.672655525286	52540	87619	-43.6465880094664	60.9706346571509	23.6803725697159
3	8	13	18431	24.3833773637345	50963	87428	-43.2271048614659	61.1888866440988	23.261969636999
3	8	14	18540	24.037632975078	49433	87272	-42.8123271486765	61.3723702298506	22.8394676025956
3	8	15	18626	23.6848883257014	47950	87139	-42.3885357703194	61.5462941950017	22.4143145468044
3	8	16	18742	23.2432876943944	46512	86978	-41.9276701709155	61.7104159744219	21.9865958462067
3	8	17	18835	22.8083118634279	45116	86843	-41.5010178586454	61.870170766636	21.5593014447139
3	8	18	18923	22.3835067255927	43766	86709	-41.0738263636561	62.0181783612595	21.129351046728
3	8	19	19034	21.9448116229667	42453	86561	-40.6382863901373	62.1423647883659	20.6980946949085
3	8	20	19106	21.4587630876902	41178	86451	-40.2435984909605	62.2470910498463	20.2654540264517
3	8	21	19148	20.9537776795365	39945	86367	-39.8396509951832	62.3318417123741	19.829784589443
4	1	1	15044	26.9272884383156	72302	121218	-44.751500859497	53.282538702121	32.7350791420192
4	1	2	14021	30.638184139148	69378	93185	-54.1555679755651	63.6949898569701	33.2403110763499
4	1	3	13531	31.995915748864	66441	93688	-60.0723280424906	67.570841527529	36.7399978024455
4	1	4	13287	33.3742485513525	63628	93808	-63.9936539678865	69.8750524706088	38.741749993514
4	1	5	13115	34.3982353895088	60952	93843	-66.5217474014348	71.6802688005543	39.9713254658863
4	1	6	13020	35.1649029741544	58393	93821	-68.1385514547779	72.9954203370494	40.6682959073321
4	1	7	12977	35.6982239297599	55957	93741	-69.147023446917	73.8365089484809	40.940263735526
4	1	8	12984	36.026353766325	53636	93619	-69.6871272501683	74.4383383069389	40.9749712675031
4	1	9	12995	36.2392067467193	51427	93496	-69.9910927230561	74.7806343601418	40.7839971015423
4	1	10	13050	36.3244951662298	49326	93333	-69.9152256250333	74.9558426143759	40.4229770670738
4	1	11	13104	36.3661533450036	47327	93177	-69.7081366179317	75.0407223748804	39.9678332672513
4	2	1	15017	26.9001059496167	72286	121261	-44.7727285447164	53.3855534068567	32.9162986676757
4	2	2	14003	30.6956808142023	69324	93241	-54.1638591996991	63.7431858649025	33.5037375187801
4	2	3	13553	32.0541573627139	66382	93671	-59.9939128441258	67.5603929248362	36.874360929409
4	2	4	13338	33.329973256716	63574	93752	-63.9332041448893	69.8908470087812	38.9030822827361
4	2	5	13141	34.4373698718035	60894	93821	-66.5336958385415	71.643981344773	40.1537688509496
4	2	6	13047	35.1940811005047	58339	93790	-68.1377360354235	72.9751094815956	40.8528127391633
4	2	7	12998	35.7927146185238	55905	93718	-69.2173823961348	73.843870170063	41.1633863124219
4	2	8	12993	36.100609748522	53589	93605	-69.7549471969506	74.4467112083188	41.2081413742245
4	2	9	13013	36.3286802708068	51383	93475	-70.1025482363764	74.7852218233966	41.032184880052
4	2	10	13055	36.4067111257878	49286	93324	-70.0495591397532	74.9634060147553	40.6894671976925
4	2	11	13094	36.4038949846605	47289	93185	-69.8338257925586	75.0548586274717	40.2427345405258
4	3	1	15071	26.8935473663101	72305	121188	-46.2803243890334	53.2919036752788	33.7029026714905
4	3	2	13988	30.6944509195943	69243	93356	-55.7326257673677	63.7413242333122	34.0308591179098
4	3	3	13513	32.15764546685	66313	93699	-61.6542461654943	67.6851545527729	37.4424220633349
4	3	4	13293	33.4205418652742	63507	93795	-65.4194932788098	69.9504738321234	39.3616713979796
4	3	5	13114	34.4687600011496	60828	93847	-67.9382385873142	71.713768619468	40.541428527407
4	3	6	13025	35.2184986278168	58276	93809	-69.4668379693124	73.0087372785336	41.1907247537994
4	3	7	12979	35.7817052983425	55844	93735	-70.4058992822337	73.8413148305285	41.438041697178
4	3	8	12966	36.0928060939286	53528	93632	-70.9377698034018	74.4471457837303	41.436657667876
4	3	9	13004	36.2946165718531	51325	93481	-71.1771537511628	74.7761233908142	41.2130370893069
4	3	10	13045	36.3892536017812	49229	93333	-71.0679739083606	74.9546345874403	40.8233450564229
4	3	11	13093	36.3860054136908	47234	93184	-70.7751795101493	75.0421318964053	40.3378580496442
4	4	1	15089	26.8367078596992	72301	121174	-44.5626737775168	53.0203194537027	32.5843409673838
4	4	2	14003	30.637008059561	69325	93255	-53.9773869731263	63.5785708589422	33.1766752698508
4	4	3	13548	32.0214692136127	66384	93675	-59.8268834385281	67.4494927189507	36.544920981009
4	4	4	13326	33.2891948469053	63578	93762	-63.6666452435041	69.7914137397825	38.5290406804949
4	4	5	13145	34.415302671489	60898	93817	-66.2331966858285	71.5825156453333	39.7601253651815
4	4	6	13061	35.176023882582	58344	93775	-67.8264177712442	72.9098007214872	40.4598867006205
4	4	7	12995	35.762031000398	55912	93719	-68.8655790601644	73.7786419090672	40.7587607586988
4	4	8	12988	36.0678938108784	53594	93612	-69.3919701176064	74.3878083992674	40.7969661295545
4	4	9	13015	36.2767785261125	51388	93473	-69.7059355649994	74.7366753246283	40.6121622169819
4	4	10	13063	36.3809554658032	49290	93317	-69.6252707614116	74.919761976616	40.2673664390107
4	4	11	13104	36.3799126144473	47294	93174	-69.3799710568837	75.0134221008244	39.8170764788668
4	5	1	15232	26.6155607588633	72294	121038	-43.6627537613108	52.3049273115834	31.9038316867068
4	5	2	14096	30.597669267744	69269	93211	-53.2646170523026	63.2518779519479	32.6413235552087
4	5	3	13610	32.0243020755396	66334	93607	-59.2710014379798	67.2915054702775	36.1414736204982
4	5	4	13403	33.3068246635799	63530	93683	-63.0704476474413	69.6336363382669	38.0997433605694
4	5	5	13222	34.3868825202859	60855	93735	-65.6062923648363	71.446662678083	39.3359506781601
4	5	6	13092	35.1502609220437	58307	93738	-67.2115494888316	72.8037163727559	40.0375922201652
4	5	7	13063	35.7201779587283	55877	93649	-68.2156204947319	73.6683778490741	40.3315945346318
4	5	8	13046	36.0181943844325	53563	93550	-68.7678599087431	74.2828688875307	40.3765844503665
4	5	9	13077	36.2360972984755	51360	93408	-69.1047725308367	74.6321557003465	40.2070866385956
4	5	10	13102	36.3149193930848	49264	93276	-69.0262174481065	74.8176979619712	39.8646761487903
4	5	11	13153	36.3410245154289	47271	93122	-68.7900317361063	74.9152978494355	39.4232674068553
4	6	1	15405	26.5303548456334	65565	127594	-44.8681782259231	52.1593570776007	33.3814548293618
4	6	2	14805	33.0621894981892	62866	92176	-56.5056098468977	65.5596162449936	32.7069267983934
4	6	3	14149	34.2271319531425	60270	92729	-61.8852213272261	69.0427635756869	35.7510934083564
4	6	4	13817	35.1642133853529	57785	92950	-64.9739789354317	70.9270882608776	37.4272374435515
4	6	5	13610	35.9380041936558	55411	93046	-67.0365805182463	72.3433375636491	38.3863599696125
4	6	6	13464	36.4864815670681	53145	93084	-68.4515402029967	73.4018447773607	38.9013508634907
4	6	7	13338	36.7700633915649	50983	93106	-69.2298221048645	74.0422914529342	39.0360540922671
4	6	8	13292	36.9101422127679	48921	93052	-69.5984089214291	74.4711689449708	38.935532853785
4	6	9	13273	36.9515040803187	46958	92972	-69.5777917027188	74.7046879152862	38.6263342363741
4	6	10	13325	36.9200492965784	45089	92826	-69.2412529606612	74.827755828596	38.18587724892
4	6	11	13331	36.8177885900945	43310	92730	-68.7779067665302	74.8716684930127	37.6654982345834
4	7	1	14990	26.9557513927926	72316	121258	-45.6349981075719	53.600947789486	33.2974228501317
4	7	2	13921	30.7471220516519	69254	93423	-55.0282735863515	63.9269797986436	33.7163169283248
4	7	3	13465	32.1839553084658	66316	93755	-60.92403575673	67.7684218337777	37.105906042928
4	7	4	13246	33.4215704688488	63522	93830	-64.7018701902554	70.0074349783407	39.0426725215941
4	7	5	13060	34.4841864003201	60875	93869	-67.1984699118615	71.7734241451892	40.2658068368948
4	7	6	12954	35.2087305565112	58317	93886	-68.7206766601224	73.0531587013948	40.937420413565
4	7	7	12924	35.8046310296279	55886	93789	-69.6773667253277	73.889620141247	41.2038403239014
4	7	8	12907	36.0748862683563	53566	93695	-70.1759662843892	74.4847322719826	41.2183076949778
4	7	9	12943	36.298699462507	51359	93546	-70.450450531617	74.8140371385603	41.0266366739965
4	7	10	12999	36.4232586733866	49259	93383	-70.2730525135119	74.9973438138045	40.632909482252
4	7	11	13044	36.404013068774	47262	93235	-69.9941320706447	75.0903152152449	40.1713405732663
4	8	1	15184	26.7266388185026	72309	121071	-45.6007175079495	52.735716076842	33.111874577946
4	8	2	14046	30.6317071139434	69278	93267	-55.0853681406075	63.4882876755376	33.5514585255112
4	8	3	13567	32.0618787991825	66363	93630	-60.9870332883287	67.4364402053039	36.9517021377703
4	8	4	13334	33.3341746188674	63557	93754	-64.8050696287111	69.7242307113468	38.9136094132432
4	8	5	13168	34.384597397141	60878	93793	-67.348432387395	71.5227041600759	40.1012950684924
4	8	6	13060	35.1426481681025	58325	93775	-68.8833088296729	72.8516362170973	40.7499823072406
4	8	7	13016	35.7163468250983	55892	93699	-69.8459933224044	73.6975087371672	41.0145975692687
4	8	8	13005	36.0211359888225	53578	93591	-70.3270477030698	74.3143206367776	41.0056946180007
4	8	9	13039	36.228730445287	51374	93447	-70.5850860781753	74.6550699202706	40.78273566874
4	8	10	13076	36.338758653941	49276	93304	-70.4296111179639	74.8405729880302	40.3995023953598
4	8	11	13128	36.3381333921905	47281	93149	-70.1664021035756	74.9336370909708	39.9267894695747
