85133	31.5209872346236
73382	31.2478836422582
85134	31.2283213012527
11479	31.208144531866
78806	31.1444248003014
6267	30.9350409395006
22019	30.871321207936
40235	30.871321207936
57263	30.871321207936
86707	30.871321207936
21450	30.8517588669305
83807	30.8315820975438
7689	30.8110633670943
5942	30.7936210972826
97504	30.7936210972826
2815	30.7429622471933
39466	30.7352275941782
11457	30.682608730683
13757	30.5843245184986
64259	30.5658200047782
30320	30.533149122181
11720	30.4891520350878
180	30.4095051383175
53484	30.3600169060458
100870	30.3498077540533
12362	30.2886997022177
63372	30.211267590905
67611	30.09666243556
9995	30.0963288470171
15330	30.0929030670904
101907	30.0922142111427
80666	30.0787997367282
24612	30.054515702888
89030	30.0273359654693
5921	30.0102549491577
8606	29.9906926081523
85267	29.9823766347846
18704	29.9726848631537
87175	29.9474618118183
70342	29.9121372678955
9327	29.9057663877472
68699	29.8778104820293
82753	29.8694158759274
59090	29.753148606976
77561	29.6678248867017
50077	29.6650181219764
79613	29.6178347924634
69797	29.6162090505274
34390	29.5968754688167
96664	29.5869310313093
73058	29.5742319346024
16791	29.5430534344913
80111	29.5330830191336
94815	29.5300134125264
24790	29.4865704667935
16924	29.4711789864672
62054	29.3780060606035
94748	29.3694792559044
21031	29.3361566100882
47245	29.3305711448305
103740	29.3305711448305
20261	29.292914911717
101584	29.2596916650702
40818	29.2538357072021
25467	29.2317929530341
10608	29.1898184978907
67083	29.1530546400885
62267	29.1119051690768
58453	29.0578375530163
50760	29.0524517282578
102309	28.9725016981487
48534	28.9252090631137
55898	28.8383186941041
22312	28.8027871790101
25967	28.7803647765887
37712	28.6806261385397
25528	28.6742532899694
89355	28.631240974536
62924	28.5777650586969
11347	28.5695176968179
588	28.5353254187852
41340	28.533889816483
63486	28.401149697604
103565	28.3825922207009
56352	28.3521871915098
89608	28.3258896483104
15337	28.296246527516
68791	28.2497745333248
81929	28.2325073309576
20429	28.2153708710368
60613	28.1613671108047
23851	28.1198343614663
26784	28.1185909611931
31234	28.1091671445694
96681	28.0963971594248
92620	28.0845829413946
60569	28.0601974580888
56627	28.0572416971481
4604	28.0437246608102
102320	28.0248369540791
34683	27.9670243515071
98712	27.9097095864485
31109	27.9037974337264
83381	27.9025787104682
38000	27.8931548938445
5695	27.8918801540875
86378	27.8912039572373
87661	27.8632483698244
93952	27.8535269818659
41560	27.836124476826
44305	27.7662957193366
27395	27.7513005793552
82768	27.7027607608511
30533	27.6884501731169
79397	27.6687399156973
56443	27.6587361212591
43066	27.6491922210738
75779	27.6086282263962
39701	27.6010967556257
36178	27.5577448303519
72674	27.5508735567634
65458	27.5388044820238
91472	27.5260433222845
22034	27.5257395092992
43725	27.5245489843343
33483	27.5149144462681
51647	27.4392276839641
57942	27.4392276839641
5370	27.4241981104003
56112	27.4227548866856
34447	27.3614736542299
94822	27.3299233678695
28382	27.3261800308075
9082	27.2198201848117
1881	27.2155057486314
62428	27.2134176699213
87176	27.2044003035167
12661	27.1496512943201
27847	27.1494808879623
10356	27.1494072018694
38758	27.1152317495793
50922	27.0361894775115
53752	26.9052269010748
8708	26.8974073001301
92804	26.8677411340983
57345	26.8576372992976
55897	26.773088859998
89793	26.7161367752562
6041	26.6468297200797
14615	26.6468297200797
27577	26.6257312846673
11628	26.587952329401
20278	26.5368498361524
61398	26.5016556785647
30378	26.4117496333829
98689	26.3529962496515
84090	26.3306936989171
62843	26.290854487647
96661	26.2458228500846
98504	26.2226754545707
28315	26.2010460778331
65214	26.1904673542797
80727	26.1358808888158
78110	26.1342693963893
85916	26.0911000001734
16868	26.0689895777675
90924	25.9929279333832
7801	25.9796331377795
48989	25.9280836592225
100372	25.9034533369731
26779	25.7149846056621
19172	25.690093776076
1891	25.6869497313304
79403	25.6758382629848
5713	25.6517481598573
44003	25.632042884384
7116	25.6175225947421
67041	25.5559493318458
13779	25.5488686628641
7501	25.5337869456047
65612	25.5266369079154
293	25.4871383483466
35964	25.407196145822
3374	25.3934435360934
46186	25.3734758569769
11677	25.315244709109
83217	25.2436004720738
30531	25.2333228326252
53708	25.2204665858324
58817	25.2011164492573
65128	25.1306891282743
12155	25.1231547693095
70809	24.9901988379843
21561	24.9187082533591
77562	24.9074340551103
69801	24.7407293738285
12662	24.6929984341114
78114	24.6597984615136
94826	24.6481432940676
94693	24.6462531001359
62356	24.5653881237443
51651	24.5338794762983
4472	24.5038029477168
74011	24.4179333366853
80118	24.363559446506
90511	24.3369510726823
1442	24.2014410329256
16216	24.198394641575
61373	24.1726932974875
93392	24.1316648854575
16863	24.0965568105783
65417	24.0610926786892
79494	24.0401831583345
100491	24.0225021096962
6225	23.9833644790656
49756	23.9824355866386
9543	23.8196767909455
71713	23.8182676836274
17264	23.8024537026722
22023	23.7184873477164
97575	23.6487938795506
37444	23.6103717090043
35737	23.5898422954276
8832	23.5249002918512
54830	23.4745527820733
67691	23.4359790016629
66859	23.4157253802872
59951	23.2405854376923
39703	23.2298536829267
81298	23.167442365524
30618	23.1443300359672
40210	22.9197209117782
91284	22.8999530130418
52555	22.8669901915015
43564	22.8049878154613
83138	22.7515556636462
817	22.6986847136582
94521	22.6909573081925
87750	22.6522909750198
39152	22.5068894867265
93894	22.4087204053915
83521	22.2754088543266
5981	22.2605358669668
58279	22.1556076078779
23259	21.9821648828375
10545	21.9746629828869
6977	21.9051011560801
73515	21.8636812789582
84149	21.5595084851485
97562	21.5373476568048
63283	21.5003520194911
103659	21.4771107030189
21860	21.4477944008669
74340	21.4329228596859
50095	21.2520773623292
100254	21.1855975982552
75428	21.1467942012659
70016	21.0544626956282
6005	21.0526858381331
33097	20.9821960976175
41338	20.9538462484394
99637	20.8858154270581
10362	20.8796091502625
45684	20.7027364294955
31718	20.664013614631
5270	20.4524913201924
46172	20.4244325602779
18242	20.4186896239879
48646	20.1972318899019
18985	20.196226064577
4231	19.7789507878972
73526	19.6524988739264
66609	19.508946540971
80540	19.4077266013249
83821	19.2852539298275
65727	19.2741327687855
65131	19.1964882819618
10168	19.1898641016485
89852	19.0187216859759
75284	18.7790194073474
4586	18.7018681824231
86909	18.6210311030586
39475	18.4180169318463
54763	18.4027959764692
8082	18.3824665143901
86645	18.2270610236519
24560	18.1312237415325
5328	18.0822771369587
95684	18.0098873712491
59795	17.9369102678657
11917	17.8428456735959
30614	17.776544712263
2902	17.7598705494081
68948	17.7399029641913
1143	17.7053115181569
65837	17.5425095103834
2381	17.412864606085
94894	17.4127391225926
3435	17.3830725437947
3893	17.1939664438375
68065	17.1920895561603
5400	17.1249840601107
95340	17.0555515477001
95339	17.0043537911296
8452	16.950459674909
26048	16.9035634540288
30280	16.777439706369
72666	16.6654626134957
73449	16.2312963575929
73570	16.0257042171915
94604	16.0047107250357
36918	15.7433478600568
40794	15.7255747698348
34385	15.6464036762145
96374	15.6298134698901
46557	15.519848195812
57237	15.2966400997041
88895	15.0915314116582
60828	15.0294387880014
498	14.711503423027
12722	14.6958035143364
4661	14.6778514311496
23242	14.3474644406259
31378	14.1623383014946
4581	13.7897679522431
80969	13.3546233268682
82158	12.7470950034986
12788	12.5201045219189
28948	12.3988450914335
93868	12.3597740929671
61236	12.1061545401449
15794	12.1038077245671
2844	11.5872944053333
42540	11.5737285238254
59253	11.1063227500058
89108	11.0585449911427
100110	10.9225775192621
61234	10.8251780862794
49990	10.0987368274942
28558	10.0503638027871
41437	8.96580615406342
22114	7.74310364033726
8454	7.62021859523421
31314	7.203712575447
39825	6.98700760044589
42553	6.22697681303594
59511	4.0355805740003
69544	4.02020843867712
93551	3.01667256248498
79609	2.46667906979235
94597	2.29815813523942
6311	1.60091583738936
70810	1.26159434629588
42382	1.22516586207463
99325	0.783176371148954
41529	-1.32964952435962
85819	-1.87320942580075
3716	-3.34232239634687
20814	-3.85802410395056
5943	-4.58150560287061
47774	-4.61601959720802
62058	-6.67005866762407
100417	-10.0335269813656
5714	-10.639531654924
99361	-11.5969580470005
71804	-11.9517281191702
95229	-12.5484144216816
46386	-14.0965203085631
96499	-16.1497133633717
55265	-16.6497897484494
90089	-16.8066355490875
26049	-17.1354571095913
24565	-17.6292955367886
53753	-18.4199504264854
79610	-18.6289083409366
15328	-18.9748228790399
22313	-19.0406940902829
97061	-19.0437492823083
40674	-19.2098808027511
95505	-19.21136259807
39467	-19.4146679813819
24566	-19.6122378644377
75193	-20.1132044161404
85214	-20.6130110615754
91804	-21.4076281078236
85820	-22.5429433749016
31315	-22.6167550770183
5982	-23.07652867691
818	-23.3486090399564
70385	-23.9690258351095
75872	-23.9733646527486
69094	-24.1755165412026
68270	-24.3314707265343
73450	-25.6751650080293
17340	-26.0704861305464
56530	-26.7563348433833
97062	-27.0358804105417
46672	-27.89128295429
82487	-30.1027094451326
80993	-31.1030426183217
57543	-35.4619950424349
