V1	V2	V3	V4
aa_len	0.276413954469611	0.635632227997162	0.0879538175332272	0
start_elongating_A	0.6919986191289	0.17520761013406	0.0836194165819605	0.0491743541550795
start_elongating_footprints	0.688642335206459	0.184317523637828	0.0857770276749583	0.0412631134807541
start_initiating	0.734623424943902	0.202393509905832	0.0415028480466428	0.0214802171036229
exon_elongating_A	0.541330239159203	0.308432903089699	0.150236857751098	0
exon_elongating_footprints	0.535030014767649	0.306380775205692	0.158589210026658	0
stop_elongating_A	0.600535087551063	0.304913599662454	0.0945513127864828	0
stop_elongating_footprints	0.551207303273815	0.237001591837518	0.211791104888667	0
start_phastCons100way	0.707610134059569	0.292389865940431	0	0
start_phyloP100way	0.621833106384611	0.304376594234863	0.0737902993805259	0
exon_phastCons100way	0.43272089142901	0.56727910857099	0	0
exon_phyloP100way	0.443077424675399	0.392694808308241	0.164227767016359	0
stop_phastCons100way	0.573262883335571	0.426737116664429	0	0
stop_phyloP100way	0.432970215377534	0.462112349206958	0.104917435415508	0
num_homologs_with_uORFs	0.352572831361117	0.647427168638883	0	0
Thyroid	0.528662664697647	0.241930534512188	0.229406800790165	0
Testis	0.541253524098119	0.194635699353676	0.264110776548206	0
Cervix.Uteri	0.502358988128344	0.317561995358739	0.180079016512917	0
Adipose.Tissue	0.523657006961892	0.265223144933929	0.211119848104179	0
Breast	0.521576110929978	0.252680232446635	0.225743656623387	0
Vagina	0.622581078230183	0.167948447478951	0.0854413992827142	0.124029075008151
Nerve	0.497669780019562	0.295218733817917	0.207111486162521	0
Pituitary	0.569762758673597	0.230960280777124	0.19927696054928	0
Stomach	0.559924052089526	0.230145183253102	0.209930764657371	0
Fallopian.Tube	0.0957403962332905	0.90425960376671	0	0
Bone.Marrow	0.536487600928252	0.263995703956579	0.0799083255020042	0.119608369613164
Bladder	0.529736675552828	0.271667210065016	0.198596114382156	0
Blood	0.759306495847797	0.240693504152203	0	0
Colon	0.569551792255615	0.183147618956292	0.079237068717516	0.168063520070578
Prostate	0.531923054793732	0.271312402907501	0.196764542298767	0
Pancreas	0.554784142996874	0.245344354730442	0.0821234728908153	0.117748029381868
Blood.Vessel	0.722022976160795	0.112924569916189	0.165052453923016	0
Liver	0.353455054563587	0.480034905352793	0.166510040083619	0
Spleen	0.500489058514413	0.249419842350549	0.250091099135038	0
Small.Intestine	0.459715003548072	0.335772232983641	0.204512763468288	0
Uterus	0.441686964193245	0.306697224832665	0.1041598741873	0.14745593678679
Ovary	0.768435588116837	0.166538808231526	0.0650256036516369	0
Muscle	0.541771350760438	0.238583839972383	0.219644809267179	0
Heart	0.769241096258223	0.098876124355114	0.131882779386663	0
Adrenal.Gland	0.607832607736714	0.218206401871847	0.173960990391439	0
Brain	0.559051418269692	0.224842254655645	0.216106327074663	0
Salivary.Gland	0.628881302621737	0.142853033121728	0.0933046930438618	0.134960971212673
Lung	0.550881264264207	0.238305747875952	0.210812987859842	0
Skin	0.553153947948831	0.241105847605531	0.205740204445638	0
Esophagus	0.672426689169751	0.125879825856811	0.201693484973437	0
Kidney	0.790107592873171	0.209892407126829	0	0
Tissue.Entropy	0.332176214495311	0.361145739437295	0.306678046067394	0
phylocsf_real	0.422680807809593	0.334592738919468	0.169578642526994	0.0731478107439443
mean_expression	0.492136706238852	0.281640168005984	0.226223125755164	0
