8585	28.0780171100261
13728	28.0780171100261
57171	28.0780171100261
84952	28.0780171100261
84953	28.0780171100261
91970	28.0780171100261
180	27.7204041303343
18662	27.7204041303343
67446	27.7204041303343
97359	27.6893913813402
5902	27.674346459538
5923	27.674346459538
7669	27.6735445155003
22651	27.6735445155003
74087	27.6735445155003
30270	27.6358617628821
77393	27.6358617628821
78638	27.6292018104298
24557	27.3731982645593
11419	27.3159315358086
86204	27.3159315358086
15297	27.2849187868145
101735	27.2839544076981
69628	27.2787056464618
88847	27.2782487831904
38692	27.2402209498059
100335	27.2321911123941
8687	27.2313891683564
85086	27.2313891683564
94637	27.0939036357993
81206	27.0219768841194
53396	26.9687256700335
79951	26.9687256700335
95513	26.929394723054
89423	26.9273058071228
20202	26.8896230545046
40738	26.8794818131723
86533	26.8794818131723
31127	26.8737761886647
24735	26.8365502993178
93795	26.6902329853112
56534	26.6119146343795
58967	26.594834498798
70175	26.5895640665326
39083	26.5445092551176
55805	26.4894112049073
34631	26.4841860808624
101325	26.4841860808624
23202	26.454276412873
9306	26.4254177523398
748	26.3877349997216
12047	26.294592172235
44234	26.1939232534564
6956	26.1797743293158
82967	26.177657614627
84930	26.085810640588
30486	26.0801703496081
80982	25.976133557742
61237	25.9286170910556
53620	25.9280858247356
100197	25.8436050436416
6959	25.837396033636
96508	25.8237752047034
75273	25.7225573699163
31062	25.6472019158517
41260	25.5255618651222
12130	25.4916976884575
96491	25.4896355055276
62215	25.4764838504395
89172	25.4378883845129
9061	25.4086717853058
87488	25.4064404432765
80854	25.3603125360065
15005	25.3011641609921
62284	25.278533226225
67523	25.2489542509085
26727	25.2263096061133
68622	25.1727422401858
102150	25.1522863978134
72888	25.1377281503436
34395	25.1255536246934
57824	24.9099241783233
100078	24.8538162128782
3888	24.7801151706518
89502	24.7372219359961
83279	24.6415359512774
85743	24.6229756741728
5674	24.6138733453045
50007	24.5893782228574
61947	24.5880355304919
77942	24.5088502313745
56350	24.3945427370137
94653	24.3765607831678
18941	24.1177007248857
3360	24.0633818405226
70642	24.0632962366536
23434	24.0285791314908
31187	23.9829426539836
100353	23.9772527318001
56018	23.9099638382566
62712	23.9091039398457
63125	23.8527206478543
60485	23.8352595690433
27531	23.7972441894926
93737	23.6152825698385
83912	23.5824980808398
79958	23.5799597723085
27548	23.5682208715241
20021	23.5151249692181
49668	23.5059633585646
6022	23.3978595369496
38523	23.343772444957
37521	23.3257872494933
21805	23.2005581038662
48902	23.1723112665387
79235	22.8127458158787
83349	22.6488869701423
87162	22.6394769318666
8301	22.5161235537407
61262	22.4930086801483
53349	22.4388672660102
17224	22.4090751653906
83045	22.3674178879764
79229	22.2760014781576
65569	22.2608811981916
93236	22.244614289061
16824	22.1766663370144
1441	22.0425285153984
30331	21.9344862776216
58694	21.9220072136076
69849	21.8209493807276
35364	21.6709512578518
49265	21.6411760070527
91739	21.6255295704303
40128	21.4636297690084
100316	21.4602519392417
82886	21.4373282175971
4457	21.434630236759
8431	21.3915016420357
45611	21.356753949185
29568	21.2107962780193
59668	21.1891268999563
57176	21.0693233639422
10715	21.0599212286664
30567	21.0105796777796
67896	20.7323159411397
95515	20.6275305768211
10341	20.5726004813082
95171	20.5305857290367
12125	20.4601425489847
498	20.3482385997085
98047	20.3375221726621
97378	20.3077648838583
5386	20.0831800478285
7621	19.9373106086396
30449	19.8955606535866
37389	19.769788282273
53009	19.7612496183418
31993	19.7011015134907
39630	19.6500808256556
65567	19.6497161789534
2380	19.3850394515656
96985	18.9818984859866
36864	18.930261915481
12765	18.3986810383559
101018	18.3880495140205
96995	18.1190221083969
88712	18.0717674870989
75086	18.0507813057225
100442	17.9326597036038
4571	17.8903949519252
94725	17.8825359917501
14275	17.1711205358201
42463	16.6808146043339
102795	16.4659039369845
24025	16.3570469662248
99603	16.1854368181169
47468	16.1126634274443
18550	15.9989967356343
81160	15.9245007449916
28897	15.662469146461
49052	15.2576849030053
88925	14.8592197648443
24572	14.4281835316177
12761	14.0635390205205
69821	13.8397078849932
42476	13.3039452736838
41356	12.3558955846965
59374	12.2947036963575
49902	12.1784810054705
10001	11.1944463169606
61098	11.0812197776033
1266	10.9031419648069
154	9.41991803194406
59384	9.27170418967253
28109	8.17553722111099
8433	8.09857943899735
77667	6.78544210877087
42122	6.21426774985971
5434	5.60044240490006
78032	5.11868916869501
98961	4.67410305803698
101006	2.52362533904687
95054	1.26942873194175
3705	0.678208137770703
70643	-0.901335906486462
89068	-1.6029542207307
61924	-1.79672677443875
39391	-2.09594253898946
77354	-3.70400472158199
47691	-4.29868847919497
65057	-4.52309052796044
65054	-5.31715323028843
1254	-5.83348330276389
68721	-6.41651309674965
96326	-7.00365753512307
30485	-7.99622085673665
36970	-8.03507131359967
6480	-8.95648676358434
27159	-9.10325417960554
77914	-10.0570074594479
72736	-10.870597152495
92654	-11.4657241737181
52700	-12.2009105483815
31520	-12.3957114064165
90825	-13.1892081585578
101364	-13.5284312325555
78426	-14.7574470693289
87602	-15.0137378264084
54400	-15.8328475351459
31968	-16.4263334852914
27331	-24.8437056521383
81207	-26.8171423376121
75023	-27.6631074809953
92655	-34.9839064251281
7396	-36.6408400929538
57450	-38.7630822695917
