25605	Inf
51834	Inf
55265	Inf
55267	Inf
91786	29.351239912295
44609	29.2260117506602
102094	28.8833974487443
69568	28.8720918964085
44458	28.8673058189385
5942	28.7611876340007
6026	28.6416918993929
99626	28.6274478861594
25988	28.586088094228
16029	28.5760524442197
71120	28.5685121839195
2532	28.5646484581153
2519	28.5466916831365
66813	28.5322777687747
81545	28.4895812393205
2815	28.4777509897867
73382	28.4769415957437
85011	28.4585574553536
7689	28.4568280305588
2521	28.3817754700156
98632	28.3548034975125
2530	28.3526566668858
11474	28.325335456461
40822	28.3221656659498
81142	28.2904897615404
80426	28.2641728339995
57263	28.2578609733908
22705	28.242433064486
4605	28.2223516108792
39371	28.1749140813739
11479	28.1711862142203
92451	28.1635705002431
58411	28.1484074547091
59656	28.1458424193344
2801	28.1403625848411
101739	28.136469785076
40583	28.1287687663146
40463	28.1042503297834
5652	28.0884745311415
35160	28.0735215885051
30765	28.065192053223
100101	28.0550604417019
97504	28.0532233506662
86707	28.0496886605563
23622	28.0411029707272
2522	28.0340871091293
88461	28.0273443858254
44674	28.0197347052009
16791	28.012533436707
63100	27.9759429696285
63919	27.9634319979332
33337	27.9612904257547
31435	27.9529984198082
17532	27.9469812337813
53484	27.896010059183
180	27.8901095843922
11345	27.8826846287838
11346	27.8826846287838
97533	27.8718945897027
22019	27.8699938834016
62716	27.8662715188633
78716	27.8288829104302
24612	27.8236608822853
63537	27.7970009309339
62715	27.7967840498274
20528	27.7934900294246
94422	27.7911725147362
67191	27.7833722983602
83807	27.7812767508765
16924	27.7663628624686
5669	27.7597644251744
21121	27.7587171936702
31163	27.7462195537835
15330	27.6751094114889
78806	27.673169903981
67611	27.6637387823108
58455	27.6345529925133
48871	27.6344170548946
9997	27.625746397889
1898	27.6109042817257
25940	27.5899066615948
7125	27.5734633096709
8043	27.5628173771398
84123	27.549702140301
2525	27.5411665900651
5975	27.5129767072079
31105	27.4687244434533
50325	27.4393276717152
6978	27.4002190639973
26773	27.3652822346893
101907	27.3606989677172
70081	27.3329171979811
91702	27.3318686584709
33774	27.3091613851426
46417	27.3082842040945
78708	27.3029020919213
12511	27.2933512301438
4008	27.2753305522428
95869	27.2447441102238
90538	27.2442339362231
44677	27.2084596898682
13757	27.1947275649593
94423	27.1907560464738
100855	27.1872569541609
52336	27.1406497085512
2526	27.1309009363271
30320	27.1286546741633
93559	27.1165981884391
85838	27.086040111102
44679	27.0844624434678
100483	27.0839224202498
69014	27.0773190746323
12088	27.0772292271674
12362	27.0485921859249
19296	27.0453664543539
59090	27.003280913079
40770	26.9976086888509
102815	26.980644590231
21031	26.9768315518969
67083	26.9665907393735
34692	26.9648718938146
58453	26.9571970203734
71118	26.9300285409476
42764	26.925257548004
27398	26.911343441687
12600	26.9090509685959
55898	26.9069621337323
84860	26.8934399521475
96667	26.8918638441401
7254	26.8618282811295
26368	26.8335168635657
49295	26.8300897538613
73058	26.8097323014108
22186	26.8019549789482
96881	26.7955748431504
59254	26.7948770278766
60535	26.7812765242907
86538	26.7698240586351
69386	26.7643362318107
94748	26.759814319068
101583	26.7588089840884
75435	26.7566776421762
39466	26.7550187275981
48534	26.7546702274723
35	26.7433733752302
70342	26.742708431042
27397	26.7257509047687
66544	26.7213060029928
73551	26.6934007465475
101584	26.692763402205
104312	26.683071267851
56352	26.679427131257
16755	26.6770851475079
32479	26.6768415951923
81403	26.6664150040141
55802	26.6489364087211
63372	26.6004045492939
75285	26.5999675966232
23420	26.5939951886398
23408	26.5773729955214
2370	26.5637322667845
45746	26.5590922298838
40656	26.546931674555
85111	26.5269466938767
32683	26.5229145131031
6267	26.5154149778472
7118	26.51462339048
71647	26.4842548429024
92157	26.4821494115244
81144	26.4737409485281
72577	26.4705143085216
40235	26.4692021664656
23417	26.4626492822574
24790	26.437703126495
19207	26.4371595152196
58512	26.4162766870633
94815	26.4151685717195
94424	26.4033825962355
22312	26.3975572553883
85837	26.3931508728117
94806	26.374255185072
26978	26.350299603873
60613	26.3421402367875
82444	26.3269171671316
62054	26.3198623502198
36161	26.3174163709641
100579	26.3166238947495
79495	26.3107993824333
7490	26.3088290305194
41340	26.3077007423236
6725	26.3015169138692
79512	26.2800425868494
10608	26.2460030267755
94425	26.2414277011223
82402	26.2399226487141
27399	26.2394048571373
2783	26.2092491184777
94804	26.2054950474142
13636	26.2043683193708
25528	26.192168957342
43725	26.1887008970062
40225	26.1821982299653
40818	26.1767259995524
85133	26.1616633064531
74257	26.1430745728093
80790	26.1407396399336
38243	26.1206011223765
61251	26.1112374165602
100870	26.1094194783075
87205	26.079072686505
79745	26.0696251284295
44984	26.0577228809719
5695	26.0441140041863
81379	26.0289362577825
27395	26.0229586152666
27447	26.0185636982364
46671	26.0164697921885
20452	26.0137910970318
4604	26.0136528780236
64259	26.0078838130148
57339	25.9941619306045
41001	25.9921940496078
11988	25.988234463408
588	25.9820930470202
1878	25.9494898724628
103740	25.936151005631
31234	25.9180490566668
37712	25.9041084572008
9327	25.8988112486426
52301	25.8931562038642
77561	25.8872895523833
96368	25.8658896472308
8606	25.8610133342071
25967	25.8605526953869
18704	25.839407788251
15333	25.8376948812219
2553	25.8263420380054
26780	25.8255397000124
79511	25.8254464812417
91771	25.8231619049727
5441	25.8159132949133
41560	25.7986359039514
37144	25.7930329595351
41530	25.7869980465585
26005	25.7734959564721
89030	25.7642852814725
5711	25.7633363989734
11457	25.7606166158442
25966	25.7478991265409
96927	25.7458762648382
99993	25.7445341636191
80788	25.713408357687
25916	25.710784339562
65266	25.7101926006378
40768	25.7079255363317
40262	25.6998452838918
79515	25.6904595560842
32694	25.6866674728832
37222	25.673898592922
7114	25.6628623599597
6579	25.6504526048757
51644	25.6445576942469
30533	25.6443069666451
83379	25.6417776106404
63486	25.6367575716461
79081	25.6283043347139
35959	25.6273139627809
15337	25.6262525304808
11347	25.6161760543414
101741	25.6084042342853
33145	25.6048208818648
11150	25.5969548859087
75176	25.5964337107782
25756	25.592591202069
24593	25.5677706667827
5370	25.5623196735081
101686	25.5444809339835
5258	25.5306300877666
5921	25.5301187276777
68791	25.517761724425
98418	25.5110545772026
85134	25.5022906691361
22034	25.496444529778
2846	25.4874663998444
1506	25.4864516141391
50769	25.483028451654
80471	25.4754026435069
95682	25.4328746097023
30458	25.4237011091321
93660	25.4185807970548
94808	25.4130411196941
57942	25.4128686352257
92620	25.4079183291734
6041	25.4053154098635
34447	25.3861946362224
36365	25.3846634994029
3899	25.3829053244319
56626	25.380256118484
26784	25.3786867662507
57109	25.348264884982
66606	25.3475684444721
1881	25.340814646392
47245	25.3368828827428
34390	25.3143272896276
95588	25.3142581773012
69798	25.3079673321966
104244	25.2922702881447
19506	25.2780107319865
22684	25.2689062857382
9447	25.2678693955673
27847	25.2639901184478
28660	25.2523681098312
72578	25.2493177671229
81929	25.234675028978
10871	25.2312069246575
103161	25.2229772288682
51647	25.2192212093051
101990	25.2155213345538
85267	25.1913706303723
67783	25.1796116496697
102320	25.1737910225402
6036	25.1692888194915
25467	25.1607689298848
38000	25.1570940056603
75350	25.1565366044109
65458	25.1491301388549
13715	25.1464836944687
96883	25.1282874879443
14615	25.1245558716514
5440	25.1123390978988
60611	25.102984590065
86168	25.085242536542
102324	25.0821568182925
539	25.0805041780017
83381	25.080503228995
60148	25.0751375871296
80111	25.0658945823492
14315	25.0651534253041
32078	25.052000656181
1838	25.0453498626713
64672	25.0365044774747
12087	25.031461533011
98689	25.0286668546964
12024	25.0193067430512
31545	25.0119719100659
176	25.0030553810607
62425	25.000606169541
60569	24.9995682099416
21450	24.9995210831065
7115	24.9967389896395
98419	24.9775911964392
85084	24.9703263434615
69797	24.9675650628516
82768	24.9622172150897
94429	24.9570564506835
16595	24.9570244582143
100386	24.9471791355168
33338	24.9387940737085
98712	24.9343893474532
91755	24.9330449197885
38773	24.9310634919851
74919	24.9234024527415
62841	24.9078965811767
23879	24.9011612648847
95404	24.8960106232193
69134	24.8942315349925
55897	24.8908236515003
50077	24.8861916838346
99648	24.88231222
91700	24.878269248134
34097	24.8731831532814
57850	24.8659295976751
101497	24.8598569436418
12116	24.8566986255068
31546	24.8499647855462
11720	24.8453675337371
1892	24.8333802145397
56443	24.8214284033962
22036	24.8073710402979
91179	24.8069787020689
53483	24.8037140747161
79395	24.7974083205013
31946	24.7932976484864
45648	24.7919334266649
56469	24.7819396279159
9326	24.7815082807559
73330	24.7796138006289
62055	24.7758603002939
66383	24.7730572576677
75779	24.7718451140048
27594	24.7563357546565
9995	24.7545612523018
32689	24.7539376064329
31174	24.7293348800209
80727	24.7160598601065
51643	24.7120528976578
64140	24.6974303660389
86833	24.6893726872797
79613	24.6885317683036
91178	24.6709137397658
63130	24.6661001600293
62924	24.6555295199119
87175	24.640130617625
102309	24.6388226578626
32853	24.6253496648244
6241	24.6160166699334
53835	24.5950946088446
50760	24.5860120017397
36062	24.580838235038
48989	24.5792260433056
100723	24.5763391674585
63885	24.5702019496966
91472	24.5649288470067
58818	24.5613139074268
25594	24.5609997355591
20261	24.556039062601
13290	24.5497996474524
79397	24.5376470542269
96220	24.5334812238846
22356	24.5304221914353
55744	24.5293685184388
65999	24.5089828891715
6295	24.5070988784705
68699	24.5045903931129
68904	24.500867155508
32690	24.5004542745723
61398	24.4928505499982
9069	24.4861110336826
68908	24.4733035210281
71064	24.4715094845502
71062	24.4714003536952
20278	24.4669261928402
29135	24.4651609214481
28380	24.4598792988272
82753	24.457141876497
59858	24.4369437124907
6856	24.4359458482237
70343	24.4323465784095
63220	24.4291873902345
60564	24.4185011883062
53752	24.4125686200421
28696	24.3960200356321
43066	24.3908758231771
27394	24.3874478675845
21602	24.3790406291637
80666	24.3763341336292
13779	24.3698877232145
42004	24.3674615230844
32457	24.3608782653738
103565	24.3564117193237
60134	24.3562199225135
38054	24.3548434362571
9082	24.3418431468543
89355	24.3333695088517
38758	24.3223152337881
79517	24.3156578185197
20429	24.3084297984388
10365	24.30689189389
89608	24.3023971603737
96664	24.3005004592809
35074	24.290629652617
62856	24.2529336817451
34683	24.2508684479258
7491	24.235419896025
9564	24.2313784917929
64306	24.2217831580929
80726	24.2193224713189
62739	24.1875009248848
26777	24.1652787516353
24571	24.1542709056721
11456	24.1528318953759
83044	24.1276858240733
62267	24.1240943801292
32064	24.1196814604021
41336	24.107365632619
95375	24.0952262784547
33483	24.0569074772188
60612	24.0453874071345
62737	24.0450986911857
21464	24.0364738418905
3342	24.0340785812513
12160	24.0296355955729
52318	24.028325583472
33798	24.0124811367182
28729	23.9960404388531
73170	23.9863813594682
84656	23.9809591696933
79396	23.9757920244758
63848	23.9390859486136
75785	23.935607806466
91768	23.9333983160834
23852	23.9272745390265
99165	23.9196119297902
9446	23.9165573882952
51345	23.9164400103924
16868	23.9112675974161
26781	23.9071635374689
23878	23.8881887459846
6970	23.8735280044906
28639	23.8516047616484
74922	23.8168279149941
96661	23.8143084104831
76126	23.8086529945032
40206	23.7986695610915
56442	23.7897314632221
79403	23.7869330011787
18285	23.7630920144118
68611	23.7505896750931
27328	23.7390042442909
7924	23.7361070684992
5079	23.7276769228355
55576	23.7245296340307
4472	23.7161298095847
98931	23.7096875816854
36178	23.7007016666675
90220	23.6990416860687
80475	23.6865817981757
99602	23.6804423381834
28386	23.6790083521002
16814	23.6777711934447
6973	23.6652485925294
8322	23.662604997103
58623	23.6607764140276
7413	23.645307843872
70820	23.6241975118067
96681	23.6125008541889
100510	23.6109714120813
98686	23.6087363803587
57345	23.6026256287287
77103	23.5959009024778
58602	23.5483138672429
92856	23.5452169037758
10356	23.5287029096971
94822	23.5284646821884
35077	23.5251148645131
23851	23.521016506135
27598	23.5141523267516
84090	23.5041421698064
11665	23.5039513735864
72676	23.4994195197416
75445	23.497257579842
21694	23.4823591666036
453	23.480466536022
12631	23.471286498607
99601	23.4619390907306
39701	23.4602434855933
44091	23.4527182343129
58537	23.4436529515771
8708	23.4382568584294
84447	23.4301851990841
80920	23.4074013454145
93952	23.4020049970545
26779	23.3994767491113
92857	23.3981408433511
6854	23.3879636949501
42350	23.3842723095031
20645	23.3788519993569
31109	23.3781792543195
2533	23.3748123604341
10930	23.3677304157803
46184	23.3601758718935
68903	23.3551594071737
18548	23.3448211947507
7700	23.3339594615351
86378	23.3257331780466
50448	23.3061709604023
6266	23.3055721413107
57253	23.2948912863089
80314	23.2882605862833
75360	23.2774125001154
83822	23.2741075763607
27151	23.272723524479
98691	23.2686500276605
81016	23.2604082252433
87661	23.2528000462345
6003	23.219297589616
69928	23.2163765283115
56112	23.1855250909919
42918	23.1843130912484
7116	23.1825091101376
62843	23.1769868878633
9504	23.174479998624
28372	23.1592920731213
92804	23.1258065908576
12661	23.1097458878051
91284	23.0967654438047
17338	23.0965971029363
79763	23.0944480070171
98687	23.0941034571096
68452	23.0934726753193
31192	23.0766475062733
78110	23.0765495143027
28315	23.074918230129
72674	23.0591291990766
56459	23.0589602205886
13288	23.0466995149894
5713	23.0334467696101
94693	23.0263213889844
7799	23.025585921408
83917	23.0234050634222
86315	23.015331600547
56225	23.0091916770792
79719	23.0066271409156
94167	22.9992887124677
36586	22.9831190000646
5076	22.970884944347
49973	22.9692507140937
83407	22.9657742729254
91037	22.9587273161654
64925	22.9491841034569
67061	22.9374074411593
4315	22.9316899834018
84094	22.9234104029465
59075	22.9187085281136
6974	22.9111642823511
28382	22.9016110569522
7800	22.8922378080054
31175	22.8918406902682
61769	22.8888706279779
103320	22.8821377309803
56627	22.8724463303078
12022	22.8610512604761
62251	22.8376973214976
44003	22.8376781685577
98504	22.8242797812805
27577	22.8190861062166
62428	22.808093387327
2950	22.7937075510752
27150	22.791850050003
44125	22.7878538236473
15846	22.777855039229
38587	22.7563454060846
79199	22.7332941927204
80679	22.7330838462109
30617	22.7219715900357
89793	22.7158917818092
81218	22.7116757239263
62356	22.7066282352089
103956	22.7061174199066
38013	22.7001388104568
44305	22.6831049809124
37999	22.6781251889094
86989	22.6706717023123
90924	22.6628752814831
25642	22.6463616580963
39947	22.643683681722
82738	22.6349640942245
6772	22.6286750292202
42996	22.623871147948
47268	22.6088440667472
78915	22.5941998514636
38015	22.5921447258238
79908	22.5898612150669
40655	22.5811163135008
7801	22.5798137714719
56575	22.5655395970911
16371	22.5585661742962
89785	22.5488212969319
11677	22.5361760885286
20080	22.5350443740979
77101	22.5318359137842
96953	22.5285909248056
58511	22.5024615146377
46186	22.5023979244195
83451	22.4979499449044
48983	22.4930309736355
99877	22.4891192134393
37485	22.4728609711836
48685	22.4678549996317
103640	22.4658950065423
68979	22.4628593837643
51651	22.4615705054371
53269	22.4427572265788
30615	22.4323778171262
53569	22.4279484496611
1442	22.4231106226568
21019	22.4187448772576
86852	22.4100588187029
50900	22.4086806444019
83138	22.4009613787172
14314	22.3955645363788
35964	22.3938525409602
63025	22.3877104944218
3870	22.3691572363647
70809	22.3537611580648
78113	22.3314505589037
69068	22.3305439848344
77659	22.3264214581579
79519	22.3183134845431
73167	22.307906242179
28415	22.3057019438345
6247	22.3050817284512
7089	22.3022557429422
19456	22.3005242250337
58817	22.28647999136
66850	22.2776903433588
79494	22.265655505639
65214	22.2489238129983
59660	22.2346486963541
10167	22.2180425649588
80118	22.2126056833579
99880	22.2102378860071
21658	22.2089915171955
32721	22.2056294241035
8832	22.2039725401348
95928	22.1994268939746
98690	22.196616438588
50922	22.1872544797088
99222	22.1867251357126
10546	22.1762713697431
53708	22.1691122261801
30378	22.1686389631365
87176	22.1677402219107
72388	22.1615814889821
27342	22.1607036682331
81018	22.1595761164252
100252	22.1589608626983
3374	22.1493077041233
96103	22.1345828882353
80117	22.1345006076322
63224	22.1216602995316
85916	22.1183909190866
82361	22.1149842739286
30749	22.1119701316235
79080	22.0724990635323
90511	22.0714879464664
4475	22.0697511502629
83796	22.0472921550575
27593	22.0194622141449
44837	22.0061501892289
28374	21.9662832344644
77451	21.9499032529203
84095	21.945818904288
21561	21.9256083825493
81533	21.9213978428112
62079	21.8971654619968
93449	21.8847516533445
41446	21.8727038251073
39152	21.8685167996014
60769	21.8668464271206
11238	21.8648127266762
14126	21.8384790502654
39529	21.8363146596081
84110	21.8277594173191
16503	21.8197916207093
67691	21.8114655946524
84871	21.8078271006136
79513	21.8008587475681
54762	21.7954983591726
54576	21.7863881293984
52554	21.7816879428522
77560	21.7659587297592
16216	21.7656923480207
78100	21.754877806802
83217	21.7414133076844
67041	21.7403522970367
41342	21.7265279514444
22023	21.7237893347577
31292	21.7235481484697
98105	21.7182417418312
2085	21.6928346930786
33756	21.6691234107399
53750	21.6636007685408
43564	21.6337976585241
98991	21.6279451157645
11628	21.6266248386766
63123	21.624882418408
35569	21.6163595714462
19172	21.613542580851
37444	21.6122458125125
12155	21.6093664818077
10381	21.6083796529198
78114	21.6078239075971
65586	21.598457424484
44867	21.5910185840363
753	21.5631232257067
82446	21.5307780299883
1891	21.5223294785751
101543	21.5205139979283
60647	21.5117294813343
66650	21.5032321942269
96912	21.490011878785
93392	21.4864418783032
95291	21.4559504882349
65737	21.4239519582189
9334	21.419594748605
66859	21.4116163169076
48022	21.4039672107194
36422	21.363077073385
61493	21.316816132542
100528	21.3141865544776
73169	21.3092147733974
100372	21.3027962530102
6761	21.2921608209271
19125	21.2917491876801
30531	21.2799312411265
84093	21.2714482915534
67099	21.2675299257247
95718	21.2623737885022
60584	21.2383271379075
79336	21.2346010314507
48239	21.2322100223593
75428	21.2179553931819
60012	21.1993518775156
59952	21.1762075971893
66826	21.1751004951295
68616	21.1626584410994
23260	21.1464873141965
99318	21.1418377321603
57976	21.1417447579609
59951	21.1313377412961
101878	21.1189482157164
10376	21.1184521520867
5439	21.1171285071663
7501	21.1004815789614
50568	21.0916260798408
35218	21.086264307418
56832	21.0761183483993
99637	21.0739242112708
23578	21.0391014557719
5981	21.0389285390155
83746	21.0366237730761
12007	21.0299169807978
50768	21.026298947207
53882	21.016454794877
22651	21.0134893935102
83057	20.9968346696414
47323	20.9857266797048
65612	20.9835920174477
66609	20.9828358766228
87750	20.9502255001404
77562	20.9447167649907
49756	20.942534444346
91283	20.9291055722326
18749	20.9139877407473
35737	20.9126686130082
83449	20.9092193543128
83058	20.8964073076697
34682	20.8784736162786
9543	20.8717868221495
69802	20.8703770209116
61959	20.8683710206267
61373	20.8390746602509
6282	20.8253042337761
62081	20.8247007890021
16217	20.823500004602
84717	20.8134111760251
56450	20.8128787972021
77214	20.8026463873652
96710	20.8012931708543
16313	20.8002919422651
15043	20.7965106345987
6225	20.7744897382667
47946	20.7679535520813
79206	20.7476085734216
7005	20.7356338747208
57268	20.7305456945117
81298	20.7278168446671
94132	20.7063382456767
30618	20.7051809061796
69801	20.6986319157948
12662	20.6973560367468
49757	20.694318987446
98373	20.6818570767055
87383	20.6674741747702
25074	20.6563463029067
10545	20.6418263920444
100491	20.6315171928857
27289	20.5974750801749
40210	20.5941477247513
52559	20.5887322562042
35075	20.5833358485367
40208	20.5793359718572
14912	20.5721791396733
12601	20.5678581976061
67027	20.5560373972597
60305	20.5267714714723
98896	20.4772434681785
37074	20.4481647758704
63707	20.3928097865033
95038	20.3894780536012
293	20.384440952618
80113	20.3794162270782
14720	20.3528306334811
39741	20.3469190356984
1402	20.3445393163267
63283	20.3444993630011
89403	20.337943177575
97564	20.3299207385271
84100	20.3246775446849
86747	20.3185281628152
96722	20.298026930801
87742	20.27843074371
83521	20.2656002213853
12444	20.2431682274015
85829	20.2428123302713
43761	20.2329358042254
53102	20.2306856823056
100504	20.2296932083259
5828	20.2289693686315
96682	20.2146540630287
94826	20.2067117587682
93386	20.201204944229
15845	20.1993841715765
24636	20.1963735255137
43692	20.1936868466916
74858	20.1733245786318
97575	20.1663300243508
7503	20.1620440488573
45748	20.1576035841927
6292	20.1554871380984
2845	20.1027190265872
61737	20.1012268040614
67873	20.0834406867069
79764	20.0820397229933
91237	20.0769220221255
101919	20.0630264794905
30619	20.0378342133111
102730	20.0245920326226
43773	20.0206572490872
74011	20.0080538519152
72032	19.9944221369687
18985	19.9675108371617
68262	19.95903538313
10289	19.9410316037678
16798	19.9367183214086
41338	19.9295484642644
12472	19.9040597620197
6977	19.8985955375606
91517	19.889594553114
71071	19.8801944462617
1076	19.831690428675
23491	19.8309951126244
42220	19.8051877571476
817	19.8033968344912
52555	19.7713653771396
73649	19.75670239068
19101	19.7535439533654
2542	19.7493576458111
64926	19.748332322376
35310	19.7217169315892
96885	19.7037396750563
59233	19.7014858228766
28560	19.6820926919218
10362	19.6797332508254
23259	19.6748185372381
6932	19.6619608527844
102338	19.6515502558179
101879	19.6358586870601
93894	19.6309775801797
43022	19.6251778981985
30748	19.6237169501368
92099	19.6056777985499
36715	19.605378545791
16856	19.6016977202976
17567	19.587825491886
65782	19.5782972929351
58597	19.5565334648639
25294	19.5527534129145
17264	19.5480960781414
69347	19.5299355646215
65417	19.5290825927249
1476	19.5002423849655
102731	19.4938049301622
84149	19.4768235633515
47723	19.4622287243608
60582	19.4449205578329
31718	19.4325249482616
48966	19.4293127537295
68705	19.424053463075
63391	19.419212026301
82918	19.4078017689581
25470	19.4070129537574
21446	19.4043359159806
89687	19.3989132607904
81207	19.3797120915174
100254	19.3668724971702
9336	19.35637489085
48091	19.3543307991699
12158	19.3539136032266
35073	19.3521077245073
65128	19.3410552941364
66599	19.3265503781834
11553	19.3117497045381
56573	19.3104249621175
21860	19.2953124981389
12441	19.2822761992899
81532	19.2821233743807
103659	19.2533540891657
11239	19.2520524378141
10168	19.2375522165022
99816	19.2312949444001
12400	19.19884377133
92771	19.1908501708509
68245	19.1835577629496
15038	19.1829558764241
20821	19.1752980581949
50773	19.1688389866726
31254	19.1539078657473
37576	19.1433106915623
79632	19.133409253277
60810	19.1177264251741
54830	19.0956322552806
13579	19.0896481292596
97169	19.0803823550879
14306	19.0674588877224
72105	19.0472121748456
23103	19.0355230583148
65131	19.0346625042421
72321	19.0215932913004
6300	19.0160377786661
47550	19.0113037071428
6005	19.0098532987169
49856	18.9636217243127
31719	18.9494814134839
39703	18.9493545038155
1054	18.9433104357953
5402	18.941355003496
12401	18.934592670062
80541	18.9208188079924
27680	18.8920886839132
24560	18.8651942681974
97168	18.8597546125286
30399	18.8544595983499
1053	18.8458849303842
16601	18.8452477608721
45747	18.8365970089326
29620	18.8357239182982
94521	18.8329736884231
19882	18.8277274456228
495	18.8190359421049
80540	18.8169777350766
83745	18.8018466881369
83821	18.7964752752163
5304	18.7963832240857
62377	18.787816952519
71713	18.7777540335593
70016	18.7756158797456
16863	18.76882291767
97640	18.7553508553035
48646	18.7408253336949
9930	18.7285924810818
100908	18.7248816601355
86746	18.6849580843481
39299	18.6781502254496
7522	18.6726214442176
47273	18.6682073169355
99822	18.6640525749133
42666	18.6629697393371
79734	18.6600944399503
74340	18.6177976932819
48520	18.6086274940415
35414	18.6028000098265
19340	18.5876296101682
70811	18.5829721043486
40085	18.5697459779634
18242	18.5559340502718
91926	18.5376625351886
49133	18.5285394775262
99095	18.5248298275341
98840	18.5215357894412
30496	18.4966799195304
50095	18.4733235060822
4586	18.4577506829206
53883	18.4425661588634
61270	18.439649831253
6975	18.4304400103559
43181	18.4304090036126
85141	18.4283354051384
5270	18.4002381052361
89703	18.3933754789064
83179	18.3749181297879
62740	18.3705085476994
104159	18.3667597663663
4615	18.3583130642286
19126	18.3230057096965
17147	18.3050544399696
94127	18.2999956841752
34465	18.2971128816965
16873	18.2368676269707
97562	18.2330564446514
95	18.2263911299711
73526	18.2220368101521
53437	18.2026486839777
81362	18.1720351529425
96226	18.1478880664382
16267	18.1220199739892
92095	18.1192915553183
104339	18.1087896691342
75389	18.0920627627999
5085	18.0737476956819
30614	18.0630130319255
7007	18.0483809060143
84045	18.0043146831324
44351	17.9787696684606
89852	17.9785506583072
39598	17.9777782761167
75911	17.9645728613355
37521	17.9591353739114
76753	17.9370057002382
12792	17.9038054456559
73515	17.85878816494
94129	17.8511195655764
37580	17.8491265496448
49353	17.8198375344284
5371	17.7992036692997
27579	17.7892346994125
67273	17.7889840690172
82364	17.785931255413
92188	17.7838303409992
39863	17.7105488391482
8452	17.6844511289284
92367	17.6691671461741
70655	17.6645521692773
11679	17.5918414308365
33097	17.591495895181
94407	17.5868706964656
58279	17.5861167734405
46172	17.5673284357954
30980	17.5119986646422
68222	17.4984539627403
65727	17.4728014324501
86909	17.4708940003838
62250	17.4637301780822
43159	17.4493466245131
97030	17.434296150621
42058	17.4278531970099
11235	17.4002336234888
35595	17.3874132531543
25468	17.3852875774042
36900	17.3619225758712
76774	17.3557880635409
45788	17.3505146340779
95339	17.3411989442439
21728	17.3368842159354
86748	17.3188867706644
72690	17.3052070924513
75388	17.3038893421266
52186	17.2955068643913
76432	17.2806992775922
1564	17.2742957613623
80402	17.2711921523643
30280	17.2610182291266
76513	17.2543764938341
2178	17.2366717018067
27302	17.2153332224265
24264	17.2029264937795
72666	17.1971218329927
64312	17.1919139171561
5328	17.187517705823
60703	17.175367339536
76533	17.1708548452892
45684	17.1549765305148
97159	17.1123589014948
94894	17.1042408450147
40169	17.1010736286377
37071	17.0833848905045
2976	17.0705020370844
44698	17.0650097037544
3840	17.0331484022859
55896	17.0286896302126
63803	17.0132488781918
17617	16.9989126884052
75254	16.99888137434
75284	16.990236909528
18794	16.9887166077737
80175	16.9511172563117
59699	16.9279970560638
95243	16.9273320404331
77829	16.9198508477138
40794	16.9139819900244
30147	16.9124110378899
58032	16.9015430745457
2902	16.9009359759307
5400	16.8955972590844
70496	16.8776929392679
6284	16.8653997840433
25055	16.8531692858438
29020	16.8195404778426
808	16.8058526132102
66598	16.8050197357501
313	16.8040115161078
95340	16.7967001024583
8082	16.793646257701
84044	16.7716191161193
1143	16.7680641459087
68947	16.7593231810536
65356	16.7457274705022
48883	16.7394203680349
73735	16.7099341936802
92090	16.7052060496863
65720	16.699280294782
102994	16.6801738865987
49209	16.6735517644607
67770	16.6549147152645
38739	16.6387142465884
44625	16.6360513971629
39597	16.6332220653624
54763	16.6120139862827
89052	16.6052316762969
4661	16.5953303694541
73180	16.5538951851638
27093	16.5439613763742
41337	16.5403083649542
23242	16.5366633199593
68948	16.5331371891479
65323	16.5259493922397
10550	16.5245121182824
61751	16.5215399560914
73181	16.4922593001941
14618	16.4814441707188
32514	16.4720295345108
60758	16.4574116325704
273	16.4453628503582
27062	16.4189353367452
100617	16.3985708008681
67685	16.3976639932618
86645	16.3698455690469
20066	16.3666078642887
59795	16.3368407313666
3789	16.3098279757077
93855	16.2878281960795
527	16.2866068868919
68065	16.2613979144691
74839	16.2153128713772
66155	16.2111792231767
58711	16.2079192637485
70359	16.195328735483
87335	16.1793782174581
97973	16.1708117385331
91241	16.1573744378498
64414	16.1494644343962
10014	16.099575059637
54803	16.0921982567156
64356	16.0813910918421
70707	16.0785042693973
24080	16.0655896222816
68379	16.0582682082013
77206	16.0316789600579
4231	16.0204701487875
99776	15.9908692938333
51341	15.9839617327885
100631	15.9808492877186
3435	15.9645657444451
73734	15.9589278870667
87166	15.9362909842219
41126	15.9342941748137
26048	15.8956752235836
97512	15.8823938051158
20141	15.8802920164096
10736	15.8785056552948
68257	15.8728162946314
67255	15.8571880588991
92368	15.8543792901535
43156	15.850613264666
85156	15.8312179552219
65837	15.8308503228049
31846	15.8193647645003
32042	15.8118169063044
42059	15.8041757772556
73278	15.6976613951223
77836	15.6904782072753
25054	15.6703830288907
53751	15.6466912604059
34383	15.6238836493838
39475	15.6163570773534
25747	15.5501712634302
45030	15.5475992760359
75256	15.5445220003818
57237	15.5334663345311
100572	15.5055986064947
58057	15.5000372796433
75280	15.4817938510793
94408	15.4666730621565
13946	15.4657393753786
90501	15.4537055579892
8801	15.451829635337
94604	15.4463650095721
83216	15.4460846684789
59000	15.4247156917052
18592	15.4090575410997
78405	15.4083660189085
49142	15.4046874971764
11917	15.3941459138091
30821	15.3884634590005
78206	15.3874759461911
101105	15.3720850707627
2090	15.3623612888554
91474	15.3536274669415
59286	15.3525549614018
77086	15.3048441148223
47292	15.2800731061987
95684	15.2596964284733
73570	15.2547714395755
27794	15.2361474750905
27850	15.2297133683286
73588	15.2090922273243
35443	15.1835257011737
62454	15.1789084729136
17877	15.1674373194965
46557	15.1655639789159
14620	15.160396668321
57344	15.1326115365793
93912	15.1295508567548
90584	15.1112814346795
61595	15.0884364251359
4581	15.0752740387567
97143	15.0713000470245
28358	15.0572112546877
41287	15.0551201241989
87638	15.0480529190846
93868	15.0288431398044
95468	15.0276575711638
68711	15.0269598608737
65725	15.0128228313105
39847	15.0115178177788
19123	15.0053435500654
97145	15.0004763014223
2314	14.9914279061058
91124	14.9812306192496
18650	14.9607219285111
90551	14.9456018761195
3120	14.9002209493404
73449	14.8931050674194
10797	14.8786216909095
10022	14.8782506190217
76949	14.8413870640446
88515	14.8334556793346
93475	14.8146437409606
59798	14.8071403850246
79905	14.7826712272665
58037	14.7810455993805
2177	14.7784966439608
2856	14.7567164073691
96440	14.7298974592812
63206	14.7122040558139
36918	14.6647238781201
71072	14.6557144434406
7641	14.6554634396056
9511	14.6412675447506
17075	14.6370897692194
76224	14.6186372732164
27619	14.5712639023383
82158	14.5486054744647
71199	14.5473226583156
103678	14.5398711620657
3893	14.5138997530105
45878	14.5017949376045
52204	14.4506824136894
8449	14.4406230779665
60774	14.4394979871725
32057	14.4232606022363
101190	14.3845303071557
2418	14.3826325049562
47912	14.3131352453269
95686	14.3081534497369
96374	14.2893983169432
90502	14.2845907766128
51577	14.2701009633878
494	14.2684737336911
75917	14.2441836639188
498	14.2393464959029
29902	14.2022128210708
75434	14.1821486784911
16276	14.1773936527628
24652	14.1500143400808
24637	14.1140629002459
9955	14.1105776080942
84296	14.106748859615
98221	14.0978421360323
73589	14.0680846174106
81738	14.0594958120857
77440	14.0255243435609
39434	14.0193048851564
2381	14.0171175119114
83301	14.0085799799362
65071	13.9913630678984
38019	13.9558525106881
45879	13.9440262984698
97552	13.9259659403092
75356	13.9193806135293
91188	13.9124853532502
84278	13.8890334302164
94376	13.8851202733913
59253	13.8783273781162
92970	13.8607668138798
97860	13.8529113607553
38112	13.8476400251251
49990	13.8374126538672
92826	13.8322605650613
34100	13.8081572545447
413	13.7835213925583
12722	13.7756401182561
87622	13.7538267155161
36462	13.742507515099
12120	13.7361485194008
73755	13.7186191326937
64359	13.6743886402892
71068	13.6331411238377
97590	13.627967179468
61410	13.6213266586362
41738	13.6161523292085
46551	13.6053786118425
34385	13.5826186453068
43987	13.555078576864
84972	13.553716447796
31438	13.550990114533
91540	13.534379110045
7500	13.5252620046188
57290	13.4916526903371
35742	13.4840271071737
11293	13.4686297298815
87207	13.4451314407591
39315	13.4307600724886
24627	13.4173719904016
8454	13.41428414946
91391	13.3804975712033
28346	13.3417922578113
70591	13.3061543274849
4229	13.2930314160338
80969	13.2737142918812
89108	13.263004393857
92361	13.2351902454694
62949	13.2206242595413
11292	13.1598662580322
88812	13.1526631603314
95629	13.137865435888
54441	13.1024557839972
23283	13.0601293142096
23236	13.0537081839254
92513	13.0240998963388
85358	13.0103913581062
10478	13.0037556659003
16108	13.0011430062323
79609	12.9800992081616
147	12.9642405905585
60828	12.9502628041268
96495	12.9441426304364
39805	12.9382761437161
71806	12.9310135548488
15794	12.9203394222108
82906	12.9180417798173
46637	12.8732413870376
85004	12.8497271312732
76736	12.8412622130958
82033	12.8354311762096
43573	12.8264681670667
77843	12.8192650447777
104354	12.818866948679
98286	12.7894149629528
34726	12.7838952313928
76829	12.7798947431488
81333	12.7396481584369
86831	12.7356356001919
53025	12.7287623265694
31378	12.7180653213883
2844	12.6928029853687
29548	12.6722219823646
11290	12.6604623236823
87016	12.6528096721423
93551	12.6392730312383
61234	12.5625700800479
56723	12.5453681808103
22114	12.5050903142802
31048	12.4765804109734
88895	12.4765505449003
42540	12.474324326547
30442	12.4718322841159
42554	12.4493659319115
76221	12.4346448992555
79873	12.3813666159196
91056	12.3784725745411
37333	12.377309338877
100611	12.3234631384897
39130	12.3193285328459
72554	12.3057061352549
100817	12.2918186759892
31573	12.2527814844276
29740	12.2435604360497
61083	12.232598255757
31314	12.2292290298061
100008	12.2276396587081
69988	12.1596531259169
82968	12.1426284036331
2425	12.1394943745735
47702	12.0908535571382
61208	12.0459789992017
24681	12.01716437017
27826	11.964156001077
52753	11.9544430101668
85612	11.9531381266893
66941	11.9241989788254
78960	11.910111393295
61236	11.9063717137319
92085	11.8872836390577
32515	11.8869255892162
19981	11.8772857767014
12922	11.8538058250632
69330	11.843727735467
89529	11.8420628910972
5084	11.8358132375102
27859	11.8350633141687
102479	11.8266778534717
48838	11.7707173456013
28156	11.7391096412027
23960	11.733637043294
65320	11.7289340664876
39711	11.7230536936202
59501	11.6856524295548
7281	11.6802335647564
9912	11.6646638089934
26014	11.6476715813056
42201	11.6193421854769
84050	11.6094297576428
28948	11.5994944963029
39739	11.5856530428558
95334	11.5781017023494
5448	11.5527342347468
64225	11.5440242429143
6938	11.527445174403
23282	11.5118883704892
101900	11.4805572264634
28558	11.472503907554
45890	11.4565028132079
84328	11.4563513200816
12690	11.4561683079951
102948	11.3561018606111
50055	11.3389934906505
67179	11.3151836915143
41693	11.3113079988276
86209	11.2690442065582
92512	11.2625676838114
55578	11.2279650806026
87726	11.2166841965454
73707	11.2088042269324
16790	11.1902793665649
34321	11.1882013768183
98066	11.1783181628539
100240	11.1671189662437
3782	11.1657618397806
36566	11.1624850792179
5889	11.1301356020327
56531	11.1280777484551
31890	11.1110976807279
41437	11.06708049797
99134	11.0635455410495
73373	11.0110635851568
56978	10.9825664319092
99156	10.9329489410306
25040	10.8802332385497
97945	10.8384946635643
34334	10.8310418011595
76208	10.7634156050897
33927	10.7614855186339
90929	10.7491296999301
5438	10.7488222822988
53031	10.745583150329
45981	10.7384682669463
61602	10.7203531322998
515	10.7124741905908
76100	10.7108317505029
102096	10.6946832038394
88055	10.6813191230663
60100	10.588251412605
78201	10.5846435046819
1612	10.5456486156839
15070	10.5081757926854
80499	10.5054467049845
60442	10.4653220191492
100110	10.4604229311331
83457	10.3427930354407
80953	10.3235102427035
61294	10.2910478751739
76722	10.2853636825254
96467	10.2853258222526
66135	10.2575037839392
52813	10.2125614728658
77208	10.1922159673537
77069	10.1862429107526
39825	10.1745898339191
12788	10.1380604480075
48841	10.0698722115212
69275	10.0322491870503
73676	9.97947110955337
3376	9.95526634689327
76210	9.91089368499564
61119	9.87596425918842
64922	9.87540186357137
70810	9.86208409040762
89468	9.84074774841135
17419	9.80289106832695
95478	9.78028297710844
11663	9.72082108951299
42553	9.70138457066809
14124	9.68209457693228
40740	9.65712535095373
87618	9.61070978726953
95479	9.57566021178351
56539	9.49631168724055
1136	9.49536299206012
91798	9.48836274364538
62354	9.4705466616972
59511	9.4482633550847
102501	9.38386019523595
11203	9.3702261217901
21900	9.33024453892124
41529	9.31031267408596
82633	9.29203771615261
60494	9.28716226181209
42332	9.24460547322601
102504	9.23538782680141
99510	9.2163415439236
67984	9.12233896089515
92714	9.10515564014381
78117	9.08234607695511
80550	9.05905417583426
42842	9.00125022678062
8347	9.00056143885237
94597	8.99440667894797
86762	8.97725923625769
90098	8.93053641553509
6311	8.92048087032526
5641	8.89666180652347
30660	8.88095748293401
47775	8.87703210216635
84419	8.77590606844275
53186	8.77076551798562
48668	8.73449817083321
52811	8.73027135363429
39140	8.72148376104746
31010	8.6949393596671
1272	8.69113353063358
42382	8.67320454662695
50066	8.65839910787314
6619	8.64946561204408
41689	8.64030497469361
77835	8.63525878181166
15268	8.59027340690621
30684	8.41134782198139
69544	8.39960908837423
56121	8.39904232020354
31011	8.39300423767653
5434	8.30188821365658
68667	8.29807757092187
11878	8.29622091953338
82013	8.28670806454824
46983	8.22051791561754
37341	8.16296754341183
93208	8.14851417774026
47450	8.14042740602536
53761	8.11218012743768
6935	8.09210633585926
56373	8.07500323626508
56973	7.98951795519289
86309	7.93910468894284
78105	7.93409851142434
73677	7.91237346961915
39736	7.90447829217405
99325	7.88903445548128
43271	7.79707291067999
95474	7.7281261622061
49844	7.71975914726521
96668	7.68300530933137
42218	7.66775402201606
78923	7.6494877979237
19859	7.6066288529336
87804	7.59117182611557
49388	7.57578639652548
16397	7.57469055697919
26544	7.54421457505053
76994	7.52337973271617
93731	7.50662471945372
71058	7.47734679012498
63339	7.34766100871621
101178	7.30435313803711
87092	7.28403960069589
90264	7.2752130624151
28507	7.26312871506707
52196	7.2287678251496
3720	7.10219083170762
41988	7.04469763288367
35487	7.03570586212489
9791	7.02042746272253
94544	6.95832411428841
94011	6.91363072907013
78200	6.9057082540472
82156	6.88971341985341
95475	6.8644795705409
90348	6.77525015985433
3570	6.76810919800555
56318	6.73722501687146
13842	6.73041816931531
59707	6.71967123781929
95223	6.70014619830824
33938	6.69291190439088
3716	6.64509851858466
32089	6.6125167456716
61695	6.537490999973
51428	6.50762445958286
47774	6.47151800670199
102339	6.46493484222254
96033	6.44209112370591
42219	6.39247558850515
11830	6.34601944437134
69339	6.34571747873392
49843	6.31726001937486
62058	6.27199381247959
87899	6.18939930428069
71055	6.16543079017842
75072	6.14541029417784
63695	6.06710929027383
26542	6.0663850976449
75526	6.0163909463008
5943	5.96721072185834
10621	5.96042339274803
20814	5.94505944947588
31024	5.93558194236971
92139	5.93407721940437
86360	5.92954539320002
73132	5.86569930366709
61105	5.85634549034459
4256	5.82742967454267
85819	5.82203361546848
40741	5.79734110975799
65216	5.77394493194019
84309	5.7633471828582
32741	5.72097868446625
13983	5.65195346119964
27869	5.63887289112857
67727	5.62708902092781
155	5.60836413760497
62415	5.60832509114167
45833	5.57387902906558
26541	5.56570046539308
19284	5.55521791285775
11453	5.52706870378906
66878	5.49026646076002
77840	5.48976012877554
57733	5.42858472231049
65213	5.41886816529258
5714	5.41745416764944
91189	5.40318382838574
674	5.284738232469
22512	5.2353896540814
93635	5.23052354978001
93194	5.15889547314708
60435	5.09601050239392
44249	5.0499790914555
33509	5.04352764592885
69310	4.99879724413935
86894	4.97607169815826
24644	4.95800193010508
52971	4.93156049267463
14909	4.87861984306927
154	4.84740172759194
54994	4.84721054100964
101477	4.84359117938457
22241	4.83723406510267
34213	4.82942416737418
67177	4.78215529574337
85999	4.75357609683007
33511	4.71583793998652
86000	4.71213102316644
54135	4.6897246615187
89823	4.64999870142761
47790	4.61666640867325
65970	4.57399098008107
102478	4.56681656218588
31025	4.55185338838166
70472	4.52879033614798
56108	4.52831723804962
83445	4.47278904268585
49266	4.38767834481293
83778	4.32025869586499
77945	4.26343225901091
64940	4.2420319711001
10392	4.21057188742882
51228	4.17702614507436
99361	4.16725358836804
6715	4.1363937708856
102471	4.11737397646
89669	4.1173002052543
44386	4.11565919129657
8987	4.075935925206
46727	3.99831356247742
104003	3.96343937339408
104075	3.82209237298807
39464	3.79961529888533
82056	3.78637155638278
77522	3.77668134578125
53650	3.7189965298129
33960	3.71566160599242
104077	3.69608048883202
7442	3.65734070807779
36408	3.60384574756073
29612	3.54243579163516
95229	3.53605694242884
95201	3.44957156147841
78917	3.42515256802369
70505	3.42118576845058
85998	3.38110547070453
33939	3.35012087909619
102475	3.34219166473139
97629	3.33682831442102
67289	3.31095093295176
89251	3.31027797142924
64136	3.29805082863415
7443	3.24583760517459
40611	3.20723515073227
9951	3.18533435498053
104455	3.16963101078043
41436	3.15294002227846
60126	3.13774494974636
18448	3.12446160930838
17566	3.09002561640938
72168	3.08202495922766
100417	3.05729838007594
77603	3.02701521999281
74346	2.99041367125742
44378	2.95462875426801
21768	2.92666683489684
77233	2.9264777652734
74469	2.90773213197294
51905	2.88761402391369
91018	2.8338016249303
94451	2.8215332981001
7081	2.79629478092523
85996	2.73657159359046
4452	2.72811929529954
89261	2.72165166712792
75485	2.63039227959699
101668	2.57696011045115
47791	2.42944997521813
94966	2.33754360709001
95467	2.29127232847884
36415	2.27933229785299
91722	2.27088578295723
70405	2.24805203597536
85353	2.24387556847013
35937	2.2305203706866
100025	2.192797604323
71096	2.07600338152433
103317	2.06628384809717
76735	1.9784074042682
59343	1.94578854246306
27381	1.94435163228438
25935	1.921547659441
5838	1.91641976806027
68675	1.89548659962266
14437	1.89521027228737
2340	1.86159171886236
17076	1.83926048484039
90221	1.73922666288083
52894	1.73757766647856
68835	1.72517003399115
46386	1.68305135615353
67715	1.61309850615375
60062	1.59810266169775
72637	1.54233141410773
18447	1.51607772262343
94557	1.48192198623747
86602	1.45346726630408
50063	1.38237555008289
91549	1.35307469566859
10645	1.3488318096777
8119	1.34285699401234
56404	1.29560732561512
51854	1.27955635484513
45411	1.22613732032261
22313	1.1547463439648
21769	1.11303982093855
51950	1.08752866793868
3413	1.08392280045563
41219	1.07301239280739
38352	1.02351421742291
104002	1.01858618526037
49618	0.961517651400811
19846	0.791550321688177
40671	0.791262719311234
18253	0.682431067772697
90089	0.66901338425054
46985	0.628271870533439
35486	0.606690593108013
82921	0.517289226935105
37024	0.503964843921558
72877	0.493280969069197
48277	0.444153155815798
62147	0.402933804474195
16883	0.390824195106653
8070	0.34654697690042
55156	0.299766631272732
25696	0.213496745385264
8455	0.134153106634933
95749	0.0629360555177598
92557	0.0377152656646942
26474	0.023284842190975
44248	-0.0185467444918714
60655	-0.0363652117998328
55155	-0.0372933458895162
48345	-0.0762168033867852
15328	-0.107292451595946
55114	-0.126173707903511
10695	-0.143869915596362
104004	-0.162656148599545
35205	-0.184869325239916
11948	-0.202322876256204
52004	-0.211031432729918
81999	-0.221008129276662
71095	-0.232883213176109
55097	-0.291048778582621
20356	-0.428807134021795
40674	-0.452295741873343
98883	-0.45789182003795
96499	-0.482867630695232
69935	-0.509521673256216
91019	-0.550729551529116
103838	-0.597999483153195
20418	-0.623089608153151
68889	-0.625903319001353
65648	-0.629180913706001
101187	-0.658254951865516
45925	-0.666916976931816
47778	-0.672516193751918
70526	-0.715679150185132
14436	-0.725713296675849
52918	-0.75726371068199
53494	-0.812216849064363
1260	-0.828802048035023
68890	-0.89125054526
47780	-0.931308363956376
4430	-0.958213124490769
53209	-0.961537040101824
90063	-0.978967555404459
92772	-0.996011983175158
15029	-1.04688423409426
77112	-1.13959164346228
1255	-1.14623840103211
68886	-1.25617201956735
77428	-1.26612656173891
68657	-1.27346615276836
38956	-1.28380738715624
92840	-1.2868502254278
83025	-1.2998508719495
77511	-1.44019627400687
21869	-1.45694483495592
67256	-1.47419484793601
59242	-1.55820486872313
57432	-1.58018684133
16864	-1.62649091180685
73885	-1.64953576544207
58801	-1.69155441218155
54107	-1.75394506903125
71804	-1.79443587829786
97061	-1.95197900204544
27216	-2.0649726887913
898	-2.07662297562285
49851	-2.10935448229692
101667	-2.11694588129586
98870	-2.13658163690872
53316	-2.14753460659219
1256	-2.16218498418991
58314	-2.21030583736945
65055	-2.22796102956168
7423	-2.24667201914601
97632	-2.25661131018759
14440	-2.29605013347844
1457	-2.36415423116418
32615	-2.36582869198396
25579	-2.41358335184257
17560	-2.43059929962008
10643	-2.48841420477745
101191	-2.51254209339056
56409	-2.54756045900967
30830	-2.62661894131321
57431	-2.72735638461003
62146	-2.78722860639552
76988	-2.81964160251407
83028	-2.91071517346538
51450	-2.97651878827865
68679	-3.02833786255417
57052	-3.08013694313875
54355	-3.0937872505466
26049	-3.13327954804752
966	-3.25448082299945
58988	-3.32046609516648
33941	-3.39359488910581
33365	-3.45939798308465
66930	-3.47977106075403
87206	-3.49131081893548
99135	-3.4944775606906
70289	-3.5005428903869
72878	-3.53085171895221
52790	-3.64191718404532
72882	-3.65206344123419
33129	-3.69286973457154
7182	-3.70728279085979
72347	-3.77943267271083
59705	-3.79085606756617
61321	-3.80751553209246
17766	-3.85345626773282
27217	-3.89457455966291
22027	-3.92212508489562
94461	-3.93408273883901
78082	-4.10068677039936
72881	-4.12536140898697
20022	-4.21073831307935
6500	-4.23056178132843
77752	-4.25210000127929
104026	-4.31758147084007
86784	-4.3298761380608
90863	-4.36372203398204
59710	-4.37124625030827
89252	-4.39590851126965
55759	-4.40804999170207
85820	-4.46344446976233
48746	-4.4866970563203
48565	-4.67592816017612
8689	-4.79454860405185
74511	-4.81885059812319
72584	-4.8391915375609
64139	-4.9255227161208
64181	-4.92680121266227
33805	-4.93860459303019
30532	-4.95124028768502
21512	-5.00428558850777
78601	-5.03128484318671
86596	-5.06205646493808
77631	-5.39177514225042
43619	-5.4080727596108
48666	-5.48526863114802
93437	-5.53414769211427
44826	-5.69538185453088
92841	-5.73506103087178
100071	-5.8049043078428
35747	-5.94088835409635
24565	-5.95510294480651
60667	-5.9918597096422
25781	-6.145073998025
61780	-6.15305776836483
49279	-6.18320500173337
101925	-6.21287569505665
69094	-6.22060188128356
10622	-6.31913584814742
51167	-6.33246336874185
13493	-6.34262842794626
74891	-6.35954920371641
83089	-6.41073639175902
35483	-6.44873106160377
77437	-6.45067900006474
77579	-6.48353852294524
72906	-6.53202831224171
63225	-6.55158400707949
3297	-6.61152458314218
93350	-6.63778572057407
79808	-6.66667881765687
90425	-6.77227707844763
78600	-6.8089835922144
72965	-7.01361946234096
9051	-7.04147859243385
95316	-7.09576909672131
3863	-7.14168512131537
9049	-7.16030526799712
34966	-7.2615233205038
95505	-7.36122194850333
15006	-7.4106047504675
30494	-7.63766603191421
74849	-7.65287633305922
31569	-7.70019753029573
30540	-7.75571532711697
78594	-7.9354889557325
56767	-7.94837248284612
7198	-8.01059353625553
24713	-8.0156991007349
51755	-8.04509955497784
21601	-8.16612407415189
78088	-8.18097019683096
48482	-8.18729744946087
74109	-8.25036484676524
91005	-8.41182165469204
32017	-8.42928150829989
54488	-8.93835024844706
73252	-8.96468047833358
97883	-9.02759066045176
50067	-9.04396964329556
48480	-9.20349497663257
15044	-9.20475679973157
25782	-9.30009145678673
71150	-9.4616426805697
31165	-9.52079835512636
91010	-9.61213449815319
85812	-9.73901815428393
16588	-9.84633998734649
99989	-9.92837381329144
101536	-9.96210357432113
87775	-10.4611560031434
13809	-10.5553052475908
6883	-10.6344909819084
60334	-10.7661494410741
83882	-10.8749336475291
62199	-11.0137545212594
22025	-11.2755419403862
83328	-11.2769642197123
58252	-11.294837360246
14354	-11.3447703660941
71149	-11.3828100961515
45632	-11.7494929796179
75223	-11.8231040338512
27099	-11.9606845793594
47475	-12.0695318872004
3910	-12.0914555218541
23806	-12.0983778861981
91182	-12.1713796317816
83006	-12.269276370354
59252	-12.3901968340345
53753	-12.4399909959149
75392	-12.6745892655377
31164	-12.8743805061392
48835	-13.0152609091425
22121	-13.1027334755639
90158	-13.1444750157478
78584	-13.2250571523084
8204	-13.2949987723629
66085	-13.4769219225042
54238	-13.5126705104186
35375	-13.5996357637811
84853	-13.6602533641203
35740	-13.778994455767
68270	-14.0940818783153
21798	-14.1711895564059
2057	-14.2641640979616
21902	-14.4093697926924
44391	-14.5310287795467
79610	-14.7938512133806
61252	-14.8510021505936
93729	-15.0217567813654
48092	-15.0230468226404
100279	-15.0957308943176
80468	-15.357809374644
56035	-15.3898999689383
6726	-15.7367190592038
92450	-15.8319924529397
27330	-15.8661076156936
90742	-15.9783963423569
5982	-16.077156037344
85214	-16.0805703010427
56996	-16.0886443273475
64180	-16.0970962098707
41870	-16.1132136887874
95090	-16.1416694949963
54212	-16.1493857046669
87244	-16.4311652709843
75193	-16.4903965282777
7502	-16.702377880745
59965	-16.7842668070668
43391	-16.8234158592089
39467	-16.875690473927
90751	-16.8928285539789
73698	-16.8940595098351
10507	-16.923069132413
104044	-16.9377386492618
27388	-16.9917034244311
39599	-16.9952278577873
91804	-16.9955861355492
13772	-17.0459592734719
56994	-17.3578011356226
52395	-17.38316495042
64764	-17.5184947650038
92093	-17.5196317364554
65705	-17.6065968752069
6857	-17.6118709919369
59966	-17.6347111120357
98855	-17.6517517747064
41688	-17.7186164963842
68956	-17.9124121006417
43392	-17.9416310135914
47635	-17.9924702630786
9337	-18.0065025475619
34114	-18.149223933973
8456	-18.1917787457105
43283	-18.2238734023471
100793	-18.3299721320285
98225	-18.3820687579146
34113	-18.386676068652
56898	-18.3898038682232
72072	-18.3931417663206
83039	-18.4615090999021
78816	-18.4806202998203
27387	-18.5586173138966
46160	-18.5904135781498
48209	-18.622510471323
6855	-18.6598531452105
95317	-18.7270818467433
25760	-18.8925365312277
36372	-18.9388678007247
2304	-18.950589793113
82075	-18.9523417140791
74868	-19.0114668204076
56040	-19.465732370416
21713	-19.5350022503882
9771	-19.6407118579949
81380	-19.6598633078344
77660	-19.6749226597436
17753	-19.7078731976984
7330	-19.7974726367695
27499	-19.8197304301571
95361	-19.8417913397785
84616	-19.8510079650553
101533	-19.8908960941704
91243	-19.8979686654022
34328	-19.9895303190475
10761	-20.0682831610694
94258	-20.1769284990519
43404	-20.2218589695372
84618	-20.2356294325625
70385	-20.2659976641791
24566	-20.318176171106
73450	-20.392520849876
92094	-20.3964440627394
5291	-20.5078904274874
37327	-20.6040718038368
51683	-20.611330892055
51681	-20.6515471718034
51682	-20.743753462754
39842	-20.9150156380213
8966	-20.9288954435135
60654	-21.2349629726022
21296	-21.2833113555232
33896	-21.2988836266162
6902	-21.4119330812481
11632	-21.5719946405103
89851	-21.6044331720951
17340	-21.6071949145698
39727	-21.7453428824479
51884	-21.8706783040418
51885	-21.8706783040418
22024	-21.9068384815623
51675	-21.9259901051443
46672	-22.0129672262284
45659	-22.1298984168636
43405	-22.2205885613101
1613	-22.2510183106299
36057	-22.3325670173805
60656	-22.3496240790718
31315	-22.4394853573949
65471	-22.5804517064357
94819	-22.6477989516049
29451	-22.6626607837421
15615	-22.7663510577152
57608	-22.8241065148067
43407	-22.9483978172777
90062	-22.9730677158064
75530	-23.0137337465352
94820	-23.1313202719512
80243	-23.1712955715374
92001	-23.19978750597
89850	-23.3551368359432
14529	-23.3841881305492
65210	-23.4962938662967
7006	-23.6171832866263
9079	-23.6345689243736
818	-23.6925574604326
85120	-23.7214319836638
75872	-23.777878204339
69902	-23.8593290159141
72808	-23.9449227872172
81524	-23.9843316107606
89629	-24.2174852347814
75529	-24.3036147492867
82487	-24.4280894750327
79581	-24.5070377604105
10402	-24.5818213101065
57923	-24.7391616676679
93351	-24.7823054021147
70048	-25.091923626447
64098	-25.12813144851
94272	-25.1456975630335
56530	-25.2236092514304
14537	-25.22393418375
64100	-25.4946940625237
4856	-25.6379914444813
63286	-25.6509563903959
98701	-25.8555041206694
7418	-25.9227521486039
97062	-25.9364337159743
57543	-25.9628521144951
92791	-26.1020036697398
85188	-26.2781133800791
70513	-26.597394955752
84324	-26.641761459942
92842	-27.0814836014057
32134	-27.0900145567643
82077	-27.0902702591128
18750	-27.1673752744058
7416	-27.1830624535645
32133	-27.2136644326137
81821	-27.3391265710612
49304	-27.6390082396194
89729	-27.90779865458
51789	-28.4758035556722
7414	-28.7834425541627
80634	-29.0297450569886
4857	-29.2327271588461
7415	-29.385824419454
81933	-29.4416009439998
83858	-29.4663678805214
80993	-29.5127024823967
56882	-29.8237167469649
37455	-29.8863338341378
23924	-30.2562445881325
59280	-30.4830275102173
92423	-30.6761291534489
27830	-31.317843558917
6790	-31.3931360710274
164	-31.8486242832541
81981	-32.2558755114373
68840	-32.3511706060311
81980	-32.5697130180225
