25605	Inf
51834	Inf
55265	Inf
55267	Inf
44609	64.310030514664
5942	63.7149536263645
91786	63.6269939670168
44458	63.5739240129007
2532	63.555057959396
102094	63.5474810383067
6026	63.5361372668752
2519	63.4975731922883
69568	63.4924850254325
2521	63.3728229195419
99626	63.2942180172639
2530	63.2730960910984
16029	63.2359874964025
2815	63.1404546133815
4605	63.106257517614
85011	63.0914567907695
25988	63.0876306744316
7689	63.0528989372054
66813	62.990062846751
11474	62.9002948725006
2522	62.8962540767667
71120	62.7971181400066
81142	62.7919496380115
80426	62.7867460795462
78716	62.7370967117233
39371	62.7329285344716
2801	62.6963157691969
5652	62.689215981703
101739	62.6884228031574
40583	62.6635015745379
35160	62.6390180819216
97504	62.6302377085909
30765	62.6137108942179
58411	62.5776650223274
11479	62.562823195528
98632	62.5619609429221
92451	62.5436810935694
33337	62.5004256375004
59656	62.482002513796
86707	62.4769996948806
23622	62.4508423158696
63100	62.4380194073914
11345	62.4116043653461
11346	62.4116043653461
63919	62.3722775640253
2525	62.3602979816339
94422	62.3501153705688
5669	62.3469794989308
53484	62.3349738431114
24612	62.2721802708219
9997	62.2505274949074
180	62.2480277697082
81545	62.2475841700392
67191	62.2146994577794
31435	62.2046944763541
21121	62.173247206803
15330	62.1655441342306
25940	62.1122860632815
78806	62.0909594553385
33774	62.0821640572284
57263	61.987535414362
22705	61.9619058163822
2526	61.8991871913417
16791	61.845368182766
78708	61.7871985501165
94423	61.6935234728625
16924	61.6552020815298
90538	61.6212938394766
88461	61.5750560820831
12088	61.5474201580242
84860	61.5349196178763
44677	61.5171494121796
63537	61.5151689680673
7125	61.5090929000454
100855	61.5071740295601
56352	61.48136132666
58455	61.4681225864819
27398	61.395661205417
44679	61.3836331011326
21031	61.352157875548
8043	61.3304326244912
69014	61.3173210940484
48871	61.3118919566325
67611	61.29140060136
27397	61.2340062093433
12600	61.2180117017656
35	61.2075214674767
40822	61.2031697831636
50325	61.1895786881839
55898	61.1785831701788
66544	61.1690379261539
101907	61.1641774941922
44674	61.1624925824345
69386	61.1420187548288
40770	61.1281530074402
63372	61.1164832239939
97533	61.0900993586708
73382	61.0551535562558
16755	61.0530419055328
49295	61.0481620030673
67083	61.0474860831608
12362	61.029327722348
86538	61.0238281262833
71118	61.0200393361647
73058	60.953286369499
85111	60.9251787500428
40463	60.8989103337757
87205	60.8357309771922
94424	60.8166944709052
41340	60.8163312908733
23420	60.8087584320629
55802	60.8019741780666
59090	60.7903153918423
17532	60.7884977339281
12511	60.7762848985462
100579	60.7529452429871
81144	60.7528525887852
27399	60.7213022586431
4604	60.7088080616747
23408	60.6793915334977
1898	60.670306194423
94425	60.6673718987497
60613	60.6621524362504
58453	60.6347446034963
38243	60.621436743654
62716	60.6129911634098
82402	60.6129134743356
102815	60.5154546507186
22019	60.5003109993748
62715	60.4711798544416
13636	60.4652948662248
27395	60.460687730315
25528	60.4278928852202
5695	60.4056155842154
79495	60.3830166338601
83807	60.366923439404
19296	60.3564243579289
43725	60.3391572771651
73551	60.3312388660201
79745	60.3280902622487
91702	60.3266183059799
31234	60.3164258068438
588	60.2983180744088
101583	60.2862097209008
48534	60.2855140329921
31163	60.274367951972
6978	60.2146323028615
101584	60.2121210563178
46671	60.2045836290856
32683	60.2011367216476
91771	60.1948598305868
15333	60.1809877471075
96667	60.1615082026862
26005	60.1614994532957
44984	60.1595848823554
98418	60.148965678685
15337	60.1460621220896
37144	60.134251333089
101741	60.0871308614842
2370	60.0713469804787
41560	60.0556841775837
83379	60.0530346160509
84123	59.9804133892326
11150	59.9756648855657
85838	59.9363904001879
40768	59.9314036378203
11347	59.9208181613856
34692	59.8975573219546
6725	59.8749855212003
70081	59.8458518907924
2846	59.8118984123504
6041	59.7640596453754
5370	59.6513216763094
103740	59.6128263792361
66606	59.6009239664462
62841	59.5927659486512
98419	59.5852444816729
19506	59.5689738427377
9447	59.5646727208552
81929	59.5530658931158
27847	59.5250962244749
94815	59.522850659284
22684	59.5071638950449
40656	59.4837463402664
1881	59.4781585199244
94429	59.4394562169648
22312	59.4069465725274
5258	59.3987844487092
47245	59.3890952564353
51644	59.3581926142029
14615	59.3512471023786
20528	59.3495773593618
95869	59.3427364904264
25916	59.3358659949725
12087	59.3100285777289
5975	59.3045469457917
70342	59.289994564116
60611	59.2622031683224
80790	59.2458040383769
99993	59.2298030085512
37712	59.2279755252813
7114	59.2266267111043
33338	59.2095076326778
98689	59.1929618972548
11988	59.1478458428788
100483	59.11920732944
59254	59.1190628916017
73330	59.0886642320567
7254	59.0872242686159
36365	59.0691565841944
100101	59.0364814506931
41001	59.0290375472683
31946	59.0105915235112
75779	58.9970308928174
55897	58.9969095178393
70343	58.9840502804837
12116	58.9717947894604
53483	58.9473555789472
31105	58.938636272475
25967	58.9275043149402
51647	58.9136192523471
80471	58.8964312560297
46417	58.8909505175516
3899	58.8504839490766
32689	58.8486717591888
82768	58.8015316295112
101990	58.8002707976096
80788	58.800189829642
81403	58.7542673692397
28660	58.7315557808844
32479	58.7204872880806
36062	58.6991381948005
48989	58.6700251831536
32064	58.6655770059653
26780	58.6590295005188
27394	58.6545048498294
74919	58.629858234151
83381	58.6186005002803
7115	58.5973674441402
1878	58.5832907547606
61251	58.5740338976358
32690	58.5704911095698
32694	58.5648265379545
93660	58.5580292839466
57339	58.5477122270513
4008	58.4874649309022
86168	58.4809482345186
63220	58.4542791255191
94808	58.4157665925214
51643	58.4152890953765
27447	58.4023289591847
38000	58.3102590836331
92157	58.3083916046146
34447	58.2988045442447
62739	58.2693140477918
57942	58.2677557389641
104244	58.2576887550685
80727	58.2558234400435
60569	58.2221104099819
27594	58.2079445540985
26773	58.2029334542708
6856	58.1995880978993
26784	58.1893497835334
10871	58.1752116783571
99648	58.156277263347
24593	58.1495261521241
60612	58.1436936756418
32853	58.1332065102523
82444	58.1162828541549
79395	58.0994543963934
85084	58.0758564709944
45648	58.0657801112128
20452	58.0452292488264
40225	58.0378994369937
100386	58.0350150702694
60148	58.0276024690208
60535	58.0125662531401
52318	57.9932092890158
99165	57.9711612550871
28729	57.9666244603679
72577	57.9511205588183
26978	57.9509945822352
9327	57.9193649637571
39466	57.9035545388492
65999	57.8962503072201
93559	57.8602047624748
50769	57.8513505432819
65458	57.7925569183591
4472	57.787039748762
18285	57.7846629104797
20278	57.7053904299438
79397	57.7039113236346
80475	57.6896849254265
55744	57.68544141914
67783	57.6834915345181
80726	57.6830027678404
98686	57.6625883963768
96881	57.662230990323
61398	57.6608878437673
8322	57.6581460544455
91700	57.6551958965386
50760	57.6310636565925
91768	57.5991070067589
94748	57.5984551909704
75285	57.5389534378746
27598	57.520755974346
91472	57.5026235015154
7413	57.4724547041823
42764	57.4656490876291
84656	57.4576891908564
60134	57.454380598007
6036	57.4454456689197
75350	57.4331743743618
74922	57.4162586507868
40235	57.39417007096
96883	57.3483959532719
176	57.3391890047913
36161	57.3306729601685
62054	57.2960957799684
98691	57.2738511713102
79396	57.2674112626914
76126	57.2431067712853
22356	57.1513765514297
52336	57.1498899454412
57850	57.1430357634202
27151	57.131400546511
30320	57.1312609060031
94806	57.0955761504184
71062	57.0831319792213
9082	57.0826475064443
71064	57.0662752383638
95588	57.0323229880421
6854	57.0227149223864
98687	57.0223730447939
40818	56.9956965465416
56443	56.9514080295626
34390	56.9434609706872
22186	56.9364112067904
71647	56.919086161826
13757	56.9114609078848
94804	56.9046054915775
96661	56.9020105363056
7924	56.8968853926451
44003	56.8964873113737
91755	56.8836490248278
26777	56.8760513602697
10608	56.8045753051816
42350	56.8037429062043
9326	56.7848128045554
45746	56.7494740928969
35959	56.7488928887934
39947	56.7448712023686
30533	56.744660068788
28386	56.7394814571266
100870	56.7263810411794
33483	56.722425258319
103956	56.6721928107695
26781	56.6175307087613
72578	56.6091009441537
7116	56.5896768847618
104312	56.564666429037
57253	56.5622745860433
27150	56.5501259902181
10365	56.5153091697375
60564	56.5036778102171
68791	56.4976629321001
21694	56.4767307072655
69928	56.4634908214656
56469	56.3959434217107
91284	56.376994179059
42004	56.361098346886
24790	56.3526132466002
8832	56.3259681247463
37485	56.3213328252442
26368	56.3151866570585
44091	56.3070697176755
63486	56.2412568894902
1442	56.151650356229
7490	56.1273338224895
23417	56.0647935660624
26779	56.0605943410203
98690	56.0343027065905
80314	55.986169025247
75435	55.9664153791882
51651	55.8942726490629
56442	55.8421600485154
25966	55.7515068513648
5079	55.7484453507874
64306	55.7345527766362
95375	55.720570420373
93449	55.7020330652611
62055	55.6689311929066
85837	55.6636847223067
79403	55.6557180851757
41342	55.6436256412878
96927	55.5295944695043
68452	55.5231395659771
25594	55.514547469083
59075	55.4782276549378
77103	55.4622417611732
1838	55.4478281816694
7089	55.3819901460194
83407	55.3398334262073
6267	55.3107071392294
11457	55.307088919762
11665	55.2331435777542
94167	55.2007330801984
102320	55.1845001486819
63025	55.1741819133245
7118	55.1609986683687
27593	55.1559048195184
19207	55.1504944421157
65266	55.1461712140482
13779	55.1313123871946
70820	55.1226770087001
40655	55.0978390932835
82446	55.0845747849616
102324	55.0396828905434
74257	55.0271514926827
22034	54.9911687528046
58818	54.9745407702543
50568	54.9717001929591
5076	54.8243081042052
79512	54.7945980193464
2553	54.793960698884
84090	54.7834553848274
79081	54.7632913535573
77659	54.7576236565483
66609	54.7569547906145
44837	54.7450219132014
68979	54.7375918923789
28315	54.7307970085501
92804	54.7265133571131
36586	54.6706994081686
20429	54.6451413525562
37444	54.6238678088972
85133	54.6089092888622
1892	54.5625527087667
9446	54.5098754644377
7005	54.488335140044
25756	54.4694535663934
6241	54.445164149704
5441	54.4092844850158
21464	54.35562781908
77101	54.2890908700452
79511	54.2863318795226
92856	54.2773624631148
4475	54.2632721487354
23878	54.2423388875682
37222	54.1938069566755
66383	54.1928036608449
18704	54.1709936006107
79515	54.1617991380916
40262	54.0879733151907
16313	54.0848036160237
92857	54.0835405544179
62425	54.0296418460855
84094	54.0097183101563
59858	53.97279372031
52301	53.9607320842682
91283	53.9199556650481
81379	53.8737894987745
103161	53.8496000400837
5711	53.8268325142825
7491	53.8217916077732
62856	53.7458920547488
66850	53.7383110125418
41530	53.7259547237651
46184	53.7215537871188
50448	53.7021192034752
64672	53.6770949087883
21450	53.6526241633272
62737	53.5767288990298
82753	53.5690001348061
75428	53.5382817831879
11456	53.534623082956
79494	53.5285023716255
103565	53.5260352777678
96103	53.4333820149778
16595	53.3757368935956
69134	53.3622834217286
101543	53.3178903543
66826	53.3116541022675
2783	53.2835798300784
64140	53.2825802293073
35964	53.2778798908123
25467	53.2777939255529
75785	53.2675509314474
64259	53.2581126305103
58512	53.2510707860937
12024	53.2422614357936
6579	53.2003580517013
96664	53.198363959607
43066	53.1870825987368
101686	53.1753086274854
83917	53.1500145884757
87175	53.1321882845041
539	53.1304555784297
30458	53.1302860629915
89030	53.1225872086715
15043	53.0678323813959
50768	53.0192751837669
56626	52.9834913625124
7799	52.9815997940988
84095	52.9215578473255
102309	52.9148663714672
68611	52.9086179865276
6003	52.8530661821104
61769	52.8415713929991
33145	52.8301339852325
7800	52.8049123073824
9543	52.8029345174209
2950	52.7808363954474
38013	52.7807375603508
66859	52.7585805854562
46186	52.7373734195518
65586	52.7346042994312
38015	52.6541537833651
14315	52.6452842424978
91037	52.6407990478265
99602	52.6276092416672
9995	52.6242467343741
53269	52.6193179136225
98991	52.6171619342631
28639	52.5851550153524
41336	52.5591274843323
55576	52.557750188284
90220	52.5509433984706
8606	52.5383635820133
77561	52.4767090285616
7801	52.4695737260543
12601	52.4644988109276
58817	52.4587813679724
98504	52.4570161160191
20821	52.437732376687
98931	52.4306384395739
102730	52.4248576527806
51345	52.3722278608745
99601	52.3489562805122
12661	52.3001502754922
27577	52.2981728997002
98712	52.2892535543574
68616	52.2307501981573
86315	52.2118795538255
84093	52.2117398610402
57345	52.1484281414521
22036	52.1137704124701
84871	52.0826307767791
95928	52.0403338015416
12160	52.010925081718
57109	52.0021976669646
96368	51.9755102789047
34097	51.9657390850611
84447	51.9545489243706
58623	51.9517252832484
49973	51.9514794819474
69798	51.9500053231665
23879	51.9280732384914
81533	51.9138703673712
80666	51.8992238968728
79517	51.8655334295759
102731	51.8388696694718
85829	51.8362093128193
11720	51.8297435239479
85134	51.8077070607764
80118	51.7683405826022
28415	51.7434994205537
83217	51.7234333281718
100491	51.7215078079743
80117	51.708832152228
87750	51.6870011660349
69797	51.6755255570217
58537	51.6493248422534
9504	51.5547026989651
6300	51.4926837624347
7007	51.4739432056144
65214	51.4666743156621
30378	51.4604192053134
20080	51.4573838099284
86833	51.448658465235
35074	51.4367221795393
17567	51.4355118382372
83822	51.4221386412835
50077	51.4146406762947
53835	51.4081512341057
13288	51.3895527956874
96912	51.3881730317321
86852	51.3854926818428
59952	51.3817570555913
59951	51.3784622829416
27328	51.365472199927
5921	51.3439273007442
96953	51.3266066368246
19101	51.3173127520735
90511	51.2983497272424
103320	51.2973058767352
16371	51.2764617657472
52554	51.1636478236483
5440	51.1571069418749
92620	51.1394904366037
68699	51.1363787538074
20645	51.1311803413703
84100	51.0973363127897
10356	51.0383094152443
67041	50.9988337302211
85267	50.9824289618522
99222	50.9466668849648
13290	50.9378403026878
1891	50.935636587141
56225	50.9267618748706
98373	50.9138503127013
39529	50.9129123941976
31545	50.8977174074606
79080	50.8621739585513
91179	50.8588279925269
87661	50.7950956748206
38054	50.7844157895155
10289	50.7737803952724
28696	50.7254426683011
91178	50.7241075463294
31546	50.7186603734257
56112	50.7026119468004
96722	50.6845958052857
98105	50.6749492722261
75176	50.6659816185683
67061	50.6555621259188
57268	50.6501151688006
40206	50.5881405169028
40169	50.5863118873753
23852	50.572605710272
1506	50.5591915418469
47323	50.5578852936228
35077	50.5561524348166
73170	50.4890188336171
56573	50.4552761077018
101497	50.4481679864761
82918	50.4280305186397
80111	50.414420822851
104159	50.3475253674043
94822	50.3364996100388
11238	50.3107676666472
68904	50.3103652516148
22023	50.3035095517614
32078	50.2469910001415
33798	50.2423855736851
19456	50.1849427000379
28380	50.1411742178124
79613	50.131703755166
62267	50.127831182805
89355	50.1217578219335
23851	50.1083114176234
48685	50.0629478874208
80679	50.055414368515
79908	50.0095332180252
75360	50.0007513894318
21446	49.9913069923916
89608	49.9731123848152
4661	49.9598115426934
61493	49.9545721659543
20261	49.9503828791403
56832	49.917200414795
98896	49.895720662997
74858	49.895576608851
79513	49.8813326628738
12155	49.8792583298585
34683	49.879038434559
63885	49.8577563296683
67027	49.85195183541
52559	49.8336498548771
13715	49.8130305269959
80113	49.7867365736936
29135	49.7393797586089
14314	49.7383176705858
12662	49.7341754468592
12444	49.6568754179677
35737	49.5833785437982
99637	49.5685252699096
95682	49.5677394069123
79519	49.5677014013097
37999	49.5515117167791
60584	49.5470809038374
100723	49.5376043023831
4315	49.4997870191064
2533	49.433250999208
62843	49.3829948369909
84110	49.3657518101541
48966	49.3322388483629
10381	49.3149673998881
38587	49.2777353024839
58602	49.2152039001934
58711	49.212362064749
453	49.1894489813113
36715	49.0976571171093
96681	49.0866387341684
81532	49.0635679982405
80920	48.9989266712328
6247	48.9908055153485
53882	48.9747081531163
52555	48.9347632985492
81207	48.8797643851657
12631	48.8153957789127
11553	48.7528250762099
95404	48.7412167815854
18749	48.7369193610538
5439	48.7174979137631
59660	48.7080775070518
62079	48.6982832016096
73167	48.6034597066776
24571	48.5996861206743
69068	48.5564104716288
28382	48.5447792919594
10167	48.5329157011612
60647	48.4838450656369
75445	48.4490749439925
14306	48.401984658101
72388	48.4016246403267
83451	48.3782025534977
9069	48.3559404657832
82361	48.314739076996
31174	48.2948432501538
25642	48.2538583138109
53569	48.242402247652
21602	48.2302005453181
38758	48.1858233826843
31109	48.1301431182094
6970	48.043817507315
83745	48.041051168032
1402	48.0346642392738
77560	47.9620062029777
96220	47.8952118281485
67873	47.8946013302418
79734	47.8463943272061
62251	47.7886971257416
94693	47.7820863857933
85916	47.7355427466863
100528	47.6786581160263
39701	47.6720640151364
83044	47.5948961717264
89403	47.5944080686813
42996	47.5940007797261
73169	47.5470116306171
19172	47.5086897337919
87742	47.5064319562751
49142	47.468740017445
97575	47.4534081725427
99318	47.424782752327
11239	47.4126893780875
9564	47.3678235456614
63130	47.3543698542782
12441	47.34769761091
53102	47.340435125876
74340	47.3036600869214
35075	47.2772407770518
38773	47.2060666243697
65782	47.1678203469421
77562	47.0579737541435
60012	47.0184801792255
42918	47.0108147132462
40208	47.0079749553133
39741	47.0035449637948
30617	46.9901196650423
47268	46.9842590528128
40210	46.9518194931532
808	46.9121031627422
63848	46.8924281482211
11628	46.8691168408984
3870	46.8423547442244
97169	46.8372848946814
60810	46.8048383520062
53752	46.7828320725312
6266	46.7798995595543
62924	46.7297128457849
16276	46.7118683651636
21019	46.6377825868843
97168	46.6170501804352
83449	46.6159163041243
93912	46.6001910334925
72676	46.581540559703
83746	46.5568151587098
103640	46.5290716070655
5371	46.5283337599394
94826	46.5215042552497
14720	46.4197261049478
36178	46.3857298197093
12022	46.2566485389125
147	46.1723782965594
79336	46.0921951673419
35073	46.06076519564
72674	46.0592165766137
28372	46.0556615761046
93952	46.0307131349103
79719	45.9735011691061
44305	45.9306431807031
68262	45.9087708093088
99095	45.8954412213375
81016	45.870610571391
47946	45.8326085280572
75434	45.7537758392043
68908	45.7212004552506
70809	45.7076015207493
83796	45.6916641258304
83057	45.6899981080234
49856	45.6759377467368
48646	45.6190176391076
32457	45.5957249815547
17338	45.5917261370415
83058	45.5881559031049
56459	45.5228181638604
3374	45.5065901001419
35569	45.4982113610402
86989	45.4945702305982
65417	45.4872737691103
31192	45.4718524628103
35443	45.44759104934
79199	45.4417358013534
64925	45.4380380811909
16216	45.4066170351083
78110	45.3926561619672
10376	45.3693373685962
6295	45.3302158513834
3342	45.3223392112319
6225	45.306894016658
37074	45.228440197166
93855	45.1874641519368
6772	45.157140812135
12007	45.1036314796682
5828	45.0592493878244
62428	45.0232376939844
102338	44.975949719696
47550	44.9744884303041
7501	44.9375075036002
74011	44.8991583814193
70496	44.8468884778471
28374	44.8373900307095
13579	44.7800685906869
78113	44.6926321100345
81018	44.6693947474007
82738	44.6547961388919
78915	44.6475707359308
68903	44.6459106547408
18548	44.6113958601156
86378	44.5758916362124
99776	44.4947355944908
97640	44.4900980477542
79206	44.4467748501783
100510	44.4425867273554
31175	44.4342116713979
94132	44.3273400578186
50900	44.2506208555251
15845	44.2306513873428
90924	44.2218719459421
27579	44.1217899960817
16868	44.1063093363868
7700	44.0544836897247
11677	44.0266592406053
1076	43.9810942731452
78114	43.9689394578702
97564	43.9454556846055
95	43.8050737542506
6761	43.802188241358
7503	43.7882950009762
77451	43.7521473631697
9336	43.7392983134194
99822	43.7237208082342
12792	43.6684529159823
2085	43.6613956583642
99877	43.65378339936
56627	43.6156430425967
50922	43.5942625393215
95291	43.4926386155967
90584	43.4573229317863
15846	43.3492196014663
10930	43.3006706754275
99880	43.2418163559023
44867	43.1536276251775
58279	43.1149806220649
10362	43.1073131676653
89793	43.056672549489
24627	43.0491538541628
63224	43.0089928989826
87176	42.9611909504998
89785	42.9486410468684
48983	42.9482985554592
63707	42.9404461128598
54830	42.9361061356588
5713	42.8428549985201
6005	42.8329153481545
31292	42.7018770834805
95718	42.6981849181418
39703	42.6624576587509
81218	42.6580364977366
6973	42.6009032080042
2976	42.5798294141552
30531	42.5241549370333
61737	42.5037161405504
99816	42.4425928264409
67770	42.3697850221965
77836	42.3323298867182
7522	42.2806599297135
56575	42.247642937675
95038	42.2111913729521
19125	42.1783778395043
89703	42.1500484467887
16814	42.1056576361035
59233	41.9927831689837
8708	41.9116256362843
6974	41.838906898163
49756	41.7987780746797
89052	41.7772029888795
83521	41.7763796180288
10546	41.7642775102462
92367	41.6907917265445
45878	41.6355114836486
97562	41.6257454787576
16217	41.5415431899625
37071	41.5169002029004
30615	41.4929821429763
65612	41.4756876495976
2845	41.4436617120991
49757	41.4358364326506
71713	41.42081485283
72032	41.4098572276645
33756	41.30645235501
60305	41.2723963792528
78405	41.2194497073988
12472	41.1265718100955
100372	41.1050761749691
45879	41.0757346048257
5981	41.0363242491315
293	40.9982364013956
95243	40.922531715089
21561	40.9130487596455
62356	40.8634576570808
44125	40.850785352167
10168	40.7022326959045
6292	40.6347427740207
12400	40.6283167998282
93386	40.5648322314279
817	40.5196538007767
100252	40.5173905516255
79763	40.5118790970657
66650	40.504243853769
30618	40.4985852205715
16863	40.4242284881684
31846	40.4210694917254
22651	40.4168581316322
25468	40.3960182033552
9334	40.3904227431147
47292	40.3540157939802
93894	40.276343841241
64414	40.2500934172382
96682	40.2141065675413
12401	40.2005420765082
100504	40.1928514044997
77440	40.1879716846306
30749	40.187819596742
5085	40.0996102585292
527	40.0687480340206
5304	40.0657399545018
17264	40.029722474506
10545	39.972940678754
1053	39.9619937292614
96885	39.9092660202187
53708	39.9029307195829
30619	39.7787419634659
9930	39.7732287156663
48883	39.6869613124918
95468	39.6465206776909
92368	39.6267725083621
91517	39.6115664484491
90501	39.6085767105929
21860	39.6066909923594
58511	39.5712503000193
78100	39.5575664326122
65128	39.54487415334
62377	39.5194669372122
87207	39.4958080391498
93392	39.4902364543237
753	39.4824428377361
30399	39.4650172823985
77214	39.3289833294764
39863	39.3150065730884
37576	39.1446553709762
73515	39.1192234871731
36422	39.099349905073
68379	39.0480168221067
69802	38.9994415384119
81298	38.9411823990812
30821	38.8843029364618
19126	38.8652561164059
69801	38.8173917214022
54576	38.7142500689918
32721	38.6804725528739
75911	38.6553229856435
2542	38.4828387511554
53750	38.4675362712486
5328	38.464303715989
83138	38.4282144301611
11290	38.3912532128517
94521	38.3853187958853
16798	38.3596206924032
90502	38.3469759087386
10022	38.3429171970321
97159	38.3249456243407
101919	38.3153253842228
47273	38.3149206757614
28560	38.2782517844834
81738	38.2645683010949
87383	38.2151100587175
48022	38.1735170191401
14618	38.0650631266955
54762	38.0439376551297
41446	38.0303878902618
12690	37.9591988393024
56450	37.8914902679173
65737	37.8428302215687
12158	37.8334680141448
27062	37.8175421819536
25294	37.8143461626831
96710	37.7983183098003
67691	37.791878176054
27342	37.7425337755763
29020	37.6814576184969
80175	37.6465954776712
72690	37.541872138073
30748	37.4780758049554
21658	37.4214585939626
27794	37.3851751245167
60769	37.3515939138406
48091	37.3348368545408
62081	37.3145440353987
77086	37.3042313061806
16503	37.2893960196755
92099	37.1948372150443
73649	37.1895351648259
43773	37.132874027607
97143	37.1307690242219
53883	37.1126959723156
97945	37.0682871488129
6975	37.0470300653195
97512	37.038207075608
27302	37.0249137584634
97145	37.0024628259444
63206	36.9472135699487
1054	36.8673407197243
11293	36.7921468368123
94376	36.7703056061584
77829	36.7550302698994
14126	36.6584520678601
14620	36.6160656012978
35218	36.601842319228
45890	36.6010633350517
3840	36.5585263834227
11292	36.4786416648254
63391	36.4073812020517
91474	36.3620132128815
23578	36.3247020111668
35310	36.2884763216772
75280	36.276759984998
39152	36.274666652436
25747	36.2366116129064
30442	36.2165597711363
46172	36.183659000264
6282	36.1368145803546
6932	36.1153924572322
58597	36.1099753402938
31254	36.1082895526355
76513	36.0639871549294
41338	36.062916830693
36900	36.0221519558301
84328	35.9262254955415
76753	35.8294415369557
63123	35.8044439295874
34465	35.7163882607214
5270	35.6997495069911
29620	35.6957619642132
37580	35.6755640854528
61373	35.6508949351391
35414	35.635574130344
86909	35.5447028673563
70359	35.4788407495425
10550	35.442066800641
4586	35.4043962784988
28346	35.4008184852391
18592	35.3808602242433
25470	35.3576387262627
82364	35.3562414775328
43564	35.2279336840587
59699	35.1892177675737
68245	35.1793437669138
84717	35.1031477896413
45684	34.9226441360288
98840	34.8450479774524
70016	34.8091891673019
48239	34.6686115464784
100908	34.6452785043646
494	34.6160120975292
54763	34.5870391372241
6977	34.5481256034184
83821	34.4920551966534
84149	34.4460430113826
30980	34.3967703245469
25074	34.3786660389332
94407	34.3395927005927
91237	34.3368903114192
84045	34.2810896494472
39299	34.2303472666735
14912	34.2212457835667
5400	34.2132696410438
43761	34.1516752182804
101878	34.1108964673667
100617	34.1026332181327
67099	34.0911263220021
5402	34.0419085826342
39847	34.0276351519819
30496	33.9167721567712
10014	33.8155497639963
16267	33.8083991472362
60582	33.7408872640255
75254	33.6937896566768
57976	33.67973766248
87166	33.6675753813493
85141	33.6648552588438
63283	33.6222915810078
89687	33.5987399771099
16856	33.578930939162
2902	33.467513375499
1476	33.4410604934553
43181	33.3855795985204
72321	33.356697422062
41126	33.280525419111
30614	33.2458498783947
12120	33.1827258240674
6938	33.1275944397308
61959	33.0766575207654
27289	33.0529653925679
23260	33.0075622277858
79764	32.9791115133568
84044	32.9025107187527
45748	32.8851225452956
86747	32.8799175010609
93475	32.8313268686143
77843	32.7307195814391
18985	32.6595876273793
64926	32.6468430631609
2178	32.6353099686836
4231	32.5214836397669
71071	32.5139549629103
101879	32.4843254211562
61270	32.4740020650972
23491	32.4552928813319
68222	32.4550722612067
44625	32.4431955861407
42220	32.4174647888091
40794	32.4105370617597
41287	32.3326811709032
24080	32.2678697456496
495	32.2639169882879
34682	32.1339382845498
91926	32.1318357650251
19340	32.1076893175422
35595	32.0290308534171
94127	32.0277296035103
44698	31.9615970461707
82968	31.9114148739714
67685	31.9040436879451
40085	31.8986786186297
18242	31.7251869412696
83179	31.6959145357815
4581	31.6944579625544
69347	31.6796286418521
94129	31.6307928659747
49133	31.5115078173631
23259	31.4453745069596
45747	31.4366295036163
34321	31.4115604156709
49353	31.3394200026641
86746	31.3087135368565
13946	31.191189284037
44351	31.1870791701857
19882	31.1774661321497
43156	31.1163680702177
31718	30.8913779184061
85156	30.7018048845973
8082	30.6697659632301
2314	30.6626827646976
413	30.5753989763051
59286	30.4647601435351
24636	30.4407785451815
58032	30.4200595637375
32514	30.4158105526825
71199	30.3723712990987
31719	30.3629771044526
20141	30.3448934881964
50095	30.3275448018425
77206	30.2522967063241
66599	30.2332600933009
42201	30.2299998377455
43022	30.2295860160237
92095	30.1765246073098
68705	30.1634175766484
43692	30.1352347471691
29902	30.1111011124004
17419	30.0913612144654
51577	30.0840468934909
96226	30.0380446701857
1143	30.0254628123296
80541	30.0138736787726
92771	30.0126634357344
47723	29.9616670203099
2177	29.9330522507842
27680	29.913098577253
80540	29.890609583925
75917	29.8474672120119
65131	29.8188109401128
43159	29.8040722702763
60774	29.7247654687821
72105	29.6530411399357
86748	29.6346007423231
273	29.6304219124345
94894	29.5303773200814
4615	29.5267217220691
39598	29.5150625713432
76432	29.4837612767453
5889	29.4319924759866
9511	29.4289760243071
104339	29.4145528427881
92188	29.3642689417304
60758	29.2438366537338
101105	29.2388914265177
53437	29.2112284969177
16601	29.1277350534437
11235	29.059217253218
48520	29.0356983147415
8452	29.0272716558585
103659	29.0216268061124
20066	28.9868763152489
39315	28.9530561262232
68257	28.9251556366885
54803	28.7820930139843
52186	28.7800139688872
75284	28.7183604984673
15038	28.6624534783278
65727	28.6620903307884
24560	28.6192567110969
62740	28.5642472050461
82158	28.5489012658733
83301	28.519266167056
75389	28.47728861392
17147	28.4679673522589
97030	28.4587403310742
11917	28.3989481343132
78201	28.3520333472521
70707	28.3321136139954
100254	28.3157687046275
70811	28.29908485176
30280	28.2649807210931
81362	28.244251118684
79632	28.2314623517359
38739	28.1707789706325
9791	28.1425244147747
58037	28.1003636804942
21728	28.07356329689
30147	28.041142836015
61751	27.9468301942
2090	27.8825490840792
42666	27.815853745074
65720	27.8134251833801
64312	27.807610950766
37521	27.8024627477992
28358	27.7111273618181
66598	27.6556117198443
23103	27.6476482555047
75388	27.6436645002465
27859	27.4632711655704
95629	27.4413261503251
86645	27.3991147417239
10736	27.3954277709115
50773	27.3646890889421
25055	27.3079793929475
65356	27.1569506172924
73180	27.1569438351771
73181	27.095810974244
76533	27.0826685422791
73526	27.0436745693626
41738	27.037226687379
32057	26.8928119994977
72666	26.8139303359441
47702	26.7624337279892
64356	26.7055652786539
76774	26.6941864544959
69275	26.6509713432803
89852	26.5121689020735
69988	26.4656294195056
88515	26.3992689362406
57290	26.3925758757813
67273	26.1949977362195
73278	26.103742807103
19123	26.0437335101656
65725	26.0431570755603
11679	25.9994487298418
102994	25.9238074120495
73735	25.8478964013129
90551	25.8129850433549
17617	25.7703664216538
93208	25.6652104452469
64359	25.6283294942639
73589	25.4848942021326
32515	25.3727415251227
313	25.3421858026462
6284	25.3377889803408
42058	25.2555494666366
18794	25.2000334904349
27093	25.105995715731
73734	25.1008702449485
69330	25.0971980362893
16873	25.0653083371044
62250	25.0425987266421
100572	24.9641480750497
41337	24.9525959880827
66941	24.9202318887563
83216	24.8997354779781
59000	24.855560106063
3789	24.8204775748632
100008	24.7970218444881
25054	24.7822595622703
92090	24.7106258909676
67255	24.6926347480208
95339	24.6712169123799
82906	24.6635186855562
60703	24.6527123382958
81333	24.6517108376655
80402	24.6252087098683
51341	24.4286310340861
8449	24.3522493628721
91056	24.3450521892467
42332	24.2710718633897
97973	24.2452380930617
78200	24.201776491407
100817	24.0266335588074
2418	24.0121944802847
80499	23.9135898716494
70655	23.9113539390469
7500	23.8713986407926
101190	23.8571350826157
76949	23.8556356309603
92361	23.8174936864805
60828	23.791475034478
23242	23.7911904924047
52204	23.7887590069679
73449	23.7262267173386
45788	23.6573441027567
87622	23.6492459841992
65323	23.6024776854672
31890	23.5755371943482
79905	23.5712863767033
68947	23.5620991625579
42059	23.4925056867527
57237	23.467749292135
94408	23.4616737498037
93868	23.3954013409202
91241	23.3197700821017
84296	23.2835316112972
66155	23.2803679291313
68948	23.2506183059603
43987	23.2382260379027
63803	23.2332490669857
58057	23.2160879843515
95684	23.1823478731511
33097	23.1105094509529
95686	23.1084515834488
46557	23.0385560120772
7641	22.9961781525015
43573	22.8475548019326
23283	22.7145633954859
1564	22.6859037215102
76224	22.5297001651556
6935	22.5169169972224
45030	22.5128753967052
71068	22.5115951176255
39805	22.4303610180658
24264	22.354277140204
38019	22.2200911029337
34383	22.1958122567705
60100	22.1955014044688
98066	22.1944275690365
34100	22.1708696838221
3435	22.1554163883357
49209	22.1264676186707
87335	22.0794618760346
53031	22.0752632382008
91540	21.8199748677297
86309	21.8171599310633
97552	21.764160539357
95340	21.741431705547
62454	21.7330704230842
75256	21.6942322068533
88055	21.6877431594697
71072	21.6030623179498
100631	21.5808382368345
91124	21.5523632439215
102501	21.5160631491357
94604	21.5066497457394
102504	21.3720512686738
73755	21.3263472187965
65071	21.2488590391948
39739	21.2469812046412
42540	21.2362145872891
39475	21.1578766347697
36918	21.1457582002365
55896	21.0439845920997
23282	20.9713313451299
97860	20.8731888929563
82633	20.8466577903303
62949	20.7214028017211
59795	20.6970538978268
65837	20.6729268346889
68711	20.6590514822767
5641	20.609158929175
96467	20.584412257181
3893	20.5709521683542
84278	20.4355323616466
80969	20.4055073334314
42554	20.3757170202092
1272	20.3064612291293
82013	20.3038774155879
10797	20.2443844950327
39597	20.1612826417931
73588	20.0843333165587
96374	20.0249899193791
26048	20.0123984221349
75356	19.9909251721134
33927	19.9639585528808
32042	19.9357063581243
98221	19.9110859951758
35742	19.8666047570253
2856	19.8652976462861
27826	19.7657915634509
68065	19.7398298919091
39434	19.6722518274291
40740	19.6168800383992
9955	19.579010447871
96440	19.5476238489562
498	19.5260479014764
74839	19.5103666053604
73570	19.477785203178
86831	19.4191217918211
2381	19.4029586816984
8801	19.3973610839822
78923	19.3595901316138
70591	19.2455229051654
97590	19.1007452214692
28558	19.0694977197787
31573	19.0514791853643
27850	18.9325686389141
101900	18.8192025138038
31378	18.7977788961058
36462	18.7666881945979
91188	18.7659139883415
53025	18.7428110919827
57344	18.6711557303691
46551	18.5747645388949
18650	18.565887641095
34385	18.4725233125797
54441	18.3895749424625
17877	18.3803315664161
78206	18.3256161741565
95334	18.3183793667073
24637	18.279648266045
93194	18.2020271989871
76100	18.1034946019385
95478	18.0856003191027
53751	18.0275055705172
104354	17.9945254613012
95479	17.8616316576222
15794	17.8352434402596
65320	17.8327607455232
67179	17.8318571368588
27619	17.7661113396322
60442	17.740576570933
49990	17.5901799167891
87638	17.5874840699767
41693	17.5435860288718
85612	17.5111783554389
64940	17.5007245143449
3120	17.499341312808
12722	17.4985089624265
17075	17.3587052268076
98286	17.3165600274139
85004	17.2750947680402
16108	17.2638874272313
76221	17.2252548616442
24652	17.1438934636828
71806	17.0363151801862
42553	17.0231084720472
78960	16.9923727943599
61595	16.9293111827284
82033	16.8868926233804
80953	16.8811994064591
103678	16.8686383382994
2844	16.8186701389176
84972	16.7510034125849
35487	16.7054310788364
155	16.6951947112279
77835	16.609638015918
47912	16.6078960722985
61410	16.5820555191995
61294	16.5413103136842
59798	16.5175030514485
88895	16.4816995745977
96495	16.4294647302625
59253	16.4045831934708
89529	16.352682838699
76829	16.3421708184171
76210	16.298343092211
28156	16.2756633547231
92970	16.2626772395424
66135	16.1270429241491
4229	16.1030310817198
100611	16.0024121148317
102948	15.9703436907677
38112	15.8910890857905
154	15.8751665607934
73132	15.8290032842404
25040	15.7554097253997
61234	15.750486149506
89108	15.7257283850403
92826	15.6946025410816
7281	15.6928204381917
8454	15.6880177418071
29740	15.5533430409443
31438	15.4771228475841
100110	15.460158395132
5084	15.4449703704672
79873	15.3770488892322
61236	15.3036099133875
87016	15.2697584874774
77069	15.2445693051522
76722	15.2323075564648
76994	15.2156761987383
64225	15.1944660346535
34726	15.1623553966762
76736	15.1535861143732
22114	15.1435401472867
82156	15.1306238367824
91391	15.0834432481434
31048	15.0828723896277
23236	15.0082671010984
19981	15.0037671352565
61208	14.9814782552889
29548	14.964125242331
28948	14.9269949330516
67984	14.8768540220696
85358	14.8630078688886
73373	14.8053480079091
10478	14.7920925634245
84050	14.7619390961648
31314	14.7193950886887
48838	14.7174924922759
3782	14.6909538197859
61602	14.6613408429277
92513	14.660869981202
93551	14.6225387536134
37333	14.5988581223419
77208	14.5370556859512
46637	14.5191612921334
41437	14.473332757645
88812	14.4555845203172
73707	14.3861876363006
102479	14.3350312332448
59501	14.3321666830353
72554	14.3321397084831
92085	14.331822824189
34334	14.2960709900067
99156	14.2605199737354
30660	14.2450292779858
79609	14.2228458716557
23960	14.1257298206531
56723	14.1087245204084
50055	14.0936918143136
9912	14.0816824451596
18448	13.9745924104195
99134	13.8784356067849
41988	13.8488404556073
5438	13.6193195699245
52813	13.5341044544904
515	13.5085050925713
61083	13.4665842703424
39130	13.407617418775
12922	13.3858750871308
2425	13.3771287463373
39711	13.3165274549667
24681	13.3116684944477
52753	13.2848522530524
39736	13.218339460243
77840	13.1904044804025
100240	13.1158246773219
36566	13.0853561444429
83457	13.074269195793
69339	13.0563704516961
12788	13.0443109931232
44249	12.9577503390727
1612	12.9513784589088
47450	12.9170182356305
102096	12.9123535505214
48841	12.9017277848356
63695	12.8914879536621
3376	12.7417262540001
42842	12.7345935299284
55578	12.7155093795186
39825	12.7112077771013
5448	12.7098128125503
26014	12.6410431478581
78117	12.6408198342035
86209	12.6381415634732
11453	12.59451444634
92512	12.5358187817355
90929	12.5167916573879
56531	12.4676292618458
19284	12.4611753761363
56978	12.4344981503545
87804	12.3543285279615
45981	12.3447961424841
87726	12.3337459035714
75526	12.2666762465921
69544	12.0504386472952
76208	12.0281988008775
15268	12.0095105363778
16790	11.9951891052152
69310	11.9810515450362
85999	11.9636939120556
52811	11.9375961048979
95474	11.8959661573503
59511	11.8910836242606
92714	11.8640371554498
86000	11.8598700815329
87092	11.8583620877971
11663	11.8035905012118
25935	11.7793751029701
90098	11.702106117004
83778	11.6436801493646
39140	11.6417756191279
15070	11.6103757517223
5434	11.4740349777648
4256	11.4645524153017
64922	11.3765325610013
11203	11.3224979898657
42218	11.2796031784146
19859	11.2127635729109
61119	11.2040614466155
80550	11.1631785582272
1136	11.1599663550695
40741	11.1351703249931
91798	11.0541503041181
6311	11.0502023203354
75072	10.9961287473179
73676	10.9545123014185
95475	10.9436014690382
101178	10.8903811044677
94011	10.8820021660522
47775	10.7924050843647
87618	10.7692006401612
62354	10.6793199859736
90348	10.6681898023492
70810	10.6290399695888
8347	10.6085034170288
77945	10.5873902201318
56539	10.5330586667359
48668	10.4872676681291
85998	10.4422894754166
41529	10.4190482199877
89468	10.4044418423018
14124	10.4014138111264
56373	10.321432491024
41689	10.3036823372634
94597	10.3006344399013
18447	10.2949221541218
6619	10.2560555102794
60494	10.2550040551304
21900	10.1759392226776
49388	10.1744918083425
6715	10.0447135120839
16397	10.0111936822143
66878	9.94311189551386
42219	9.84372073336061
89669	9.83544186375801
31010	9.79177967804773
99510	9.64644049314116
85996	9.64287536121399
86762	9.64013400909834
85819	9.57961588257324
84419	9.54736423377362
42382	9.5378109166689
53186	9.53067278070181
31011	9.48735500835732
32089	9.36360062217015
68667	9.3239242538527
46983	9.28537651458797
56121	9.24691687548866
71096	9.20065091515568
50066	9.17633636974558
37341	9.1582656819721
56973	9.15008972187573
3716	9.09247973669083
49844	9.04066841886569
11878	9.02946932556078
3720	9.00697187026194
78105	8.99387666342346
99325	8.90898659090154
2340	8.90772514447047
30684	8.82888920757857
96668	8.75201713905334
43271	8.6828804043914
73677	8.66557842031097
44386	8.63485295971446
90264	8.6092880869269
93635	8.48091144901341
65970	8.4567759606198
95223	8.38871211504784
91018	8.35838467587648
53761	8.33721735270322
63339	8.29520338787193
72637	8.25678926479151
3570	8.1668283498533
47774	8.14027233921892
93731	8.09288205444647
71058	8.06258637292182
33938	8.0526976130642
52196	7.7566011685439
28507	7.73971845288862
26544	7.71397630135843
34213	7.60495424117703
56108	7.48603595415243
60435	7.48071715874284
44248	7.47926225181897
49843	7.44664421741419
674	7.35138550085519
62058	7.34170139321996
45833	7.33658382666803
10621	7.26413605957405
33960	7.19256185097054
86360	6.96790013012123
49266	6.94306582202722
62415	6.94303618828603
59707	6.87965648090356
83445	6.85951643679477
17566	6.78926041011137
47790	6.78521850578285
54994	6.78203272945806
51428	6.75943832489286
68835	6.73834440126536
71095	6.71190970763276
61695	6.66595831530019
71055	6.63676783940068
13842	6.60950242395435
94544	6.56349640247374
94557	6.54275584054031
92139	6.53038709264388
103317	6.51263687280599
11830	6.50576351302846
102339	6.46356304157493
87899	6.39746221414671
104075	6.31642637778314
84309	6.30834402843386
57733	6.21897636994988
56318	6.20013977377703
65216	6.16131229091742
13983	6.01374009916291
96033	6.00143048088299
33509	5.98598604439825
5943	5.94915161362049
5714	5.8575911783684
51228	5.85592037040241
27869	5.80134253146345
7442	5.79168227079243
31024	5.78958156981734
65213	5.78951230348585
56404	5.78732352946188
20814	5.74974990103775
898	5.7424538195022
22512	5.7108742800523
61105	5.69277646544263
77603	5.66116965357988
32741	5.61108100476688
26542	5.60783934455296
91189	5.56681574912625
33511	5.5429815663716
7443	5.35549360843768
74469	5.34887377610254
86894	5.22875506588637
67727	5.22410806241371
89823	5.18521421611742
26541	5.04108611639278
101477	5.01753148264063
54135	4.92815979505669
4452	4.89510068436377
8987	4.84999731050913
70472	4.67023732338969
22241	4.66627589064534
89261	4.64827618411039
102478	4.59649818732351
52971	4.58258417185242
91019	4.58228094976075
48277	4.46381516079142
67177	4.41023289305642
14909	4.40857711932757
24644	4.36543874700973
10392	4.34683696116961
102471	4.26687706576853
95467	4.26388429033489
31025	4.2623687313041
47791	4.24819548248529
41436	4.21765691313909
104455	4.13978778557384
36408	3.99249106566356
77233	3.97345168787315
97629	3.96132203333909
7081	3.9274570660286
89251	3.86296700302925
104003	3.78981083300874
33939	3.77036168992942
46727	3.54246680246052
72877	3.51997282276895
85353	3.47005263754777
44378	3.42363521140183
99361	3.42131216612114
102475	3.33634611068826
82056	3.33309352012324
8119	3.26931144961608
62147	3.25643021719058
39464	3.17669585223671
29612	3.09737781055213
77522	3.06919425963534
104077	3.06392785709868
53650	3.05383796713825
67289	3.04492358187702
78917	3.01585224583417
60126	2.94348640713299
10645	2.91029983410063
16883	2.85487536731013
100417	2.80115699744211
64136	2.79554678969951
70505	2.78562144700624
74346	2.73495901836092
1260	2.71731420033207
95229	2.66041524633283
40611	2.65144006608881
59343	2.50719933627244
95201	2.50189494679856
7423	2.46515682885823
47778	2.46042689127862
41219	2.4043469622131
72168	2.39300895240981
14437	2.35656098077784
1255	2.34554909067847
9951	2.3014683865343
51905	2.1854176166283
47780	2.15800132458958
21768	2.14367370517883
94451	2.1379165025018
75485	2.12048761650342
3413	2.10980023912619
20418	1.98281719203106
27381	1.86733684794984
5838	1.86640172362699
101668	1.8610011111419
68675	1.69014618442881
76735	1.66903598315048
35937	1.58416852603899
36415	1.5527172569593
94966	1.53772289577351
91722	1.49684094588344
35205	1.413659045279
70405	1.38625472298694
100025	1.37192319848243
60062	1.30955645781345
1256	1.27922204693349
11948	1.20186798418202
17076	1.1937547945377
48565	1.13120640616111
50063	1.11595278441418
73885	0.958922647882368
46386	0.89850498509022
86602	0.88737300473268
90221	0.794971265374649
52894	0.752605950118038
48746	0.652022927161454
38956	0.614309296975136
67715	0.532854515334357
40671	0.506777601620669
104002	0.456531596173377
98883	0.426652085149449
51450	0.42564097475897
38352	0.296901891294269
91549	0.294778801050299
92557	0.268266216464482
59242	0.268171728089222
49618	0.222961475550811
92841	0.159863581831011
45411	0.147124277622758
51854	0.144800054033567
21769	0.111398963425792
81999	0.105501095863595
35486	0.0974885021961001
22313	0.0878916386256279
51950	-0.0594892814584469
33129	-0.137693681683643
90089	-0.212080788908459
101667	-0.218943971679252
19846	-0.233126565615713
76988	-0.269508389215652
92840	-0.322705835612282
18253	-0.375105446462968
46985	-0.377744262588919
82921	-0.395973533037257
52004	-0.404695066691637
55156	-0.422118599090332
14436	-0.443577998828559
8070	-0.457772299409321
37024	-0.644864578791967
25696	-0.645967170130383
101187	-0.800501891370565
45925	-0.813285573828772
15328	-0.88406457171984
55155	-0.902039277038369
48345	-0.929412488704742
8455	-0.950070964937545
26474	-0.953290573077972
58801	-0.983492446779891
10695	-1.06268699770611
95749	-1.15915677293891
103838	-1.16191659260697
104004	-1.16724958197094
10643	-1.22753218279485
69935	-1.2368061461521
70526	-1.25919288993122
83025	-1.30231721995234
60655	-1.3034489182409
55114	-1.35909633606173
55097	-1.3775091968774
20022	-1.41872331750209
40674	-1.46041192046995
65648	-1.46206091677301
71804	-1.48380523212622
96499	-1.49713132578464
20356	-1.51971201226873
68889	-1.52607600930879
27216	-1.54960874070382
97061	-1.57119281785899
77428	-1.58159125914922
77112	-1.65922227405294
98870	-1.71232910602019
68890	-1.80854732021948
92772	-1.88431947806743
56409	-1.94494204997701
53494	-2.06480093241985
52918	-2.0815516118991
4430	-2.14938669012218
77511	-2.15252218088362
57432	-2.15973081443401
67256	-2.16693481294944
53209	-2.21800662277413
15029	-2.22072545861322
68886	-2.22803064465608
90063	-2.24864357826079
91005	-2.25821249237853
97632	-2.28671311044437
7182	-2.36768971460556
68657	-2.38931849181581
58314	-2.49513438945149
77579	-2.59917600980536
21869	-2.70374427852553
70289	-2.75373834272438
33365	-2.79573337551252
101191	-2.81357232253506
16864	-2.95987246993738
83028	-2.97803079742041
54107	-3.13588411258849
62146	-3.13828511318842
72878	-3.14795683258551
72882	-3.16519810770966
32615	-3.17355243680272
53316	-3.26302231090051
74511	-3.28214587302435
49851	-3.29129948548697
14440	-3.29601753301756
65055	-3.34031749446057
57431	-3.38652457444077
6500	-3.4358432664187
1457	-3.48065145088419
57052	-3.50582449422723
72881	-3.59344846002516
25579	-3.64152830495279
27217	-3.65030658571153
17560	-3.68808020677054
86784	-3.83617523223904
30830	-3.8447788687645
26049	-3.8739105500663
78082	-3.90000413714821
59710	-3.97983254848514
64139	-4.07078716188681
87206	-4.19811040570662
58988	-4.22507323599228
33941	-4.30773750654632
54355	-4.46715791164308
68679	-4.48931380725796
99135	-4.51488559154188
966	-4.56117235584447
72347	-4.58921472549488
93437	-4.59010326621753
66930	-4.64228652679306
61321	-4.67683629443304
59705	-4.85762891935486
22027	-4.91711003413505
52790	-5.00863903175819
17766	-5.1156238205719
91010	-5.16981548404951
8689	-5.23525062271654
33805	-5.29086017474879
89252	-5.33197368213501
94461	-5.35763587171513
85820	-5.37730721683222
90863	-5.44638681181786
104026	-5.51334000844876
55759	-5.5252231032336
78601	-5.53815764914139
61780	-5.55615877813193
77752	-5.65064438805027
64181	-6.00705637398609
30532	-6.0190833868079
49279	-6.03475221286529
100071	-6.06429396976553
93350	-6.09240467480533
72584	-6.27748525956434
101536	-6.38330395353632
74891	-6.48942015562673
86596	-6.51040324630822
43619	-6.54203740581067
77631	-6.57826167094759
21512	-6.58295024242891
25781	-6.82825224238959
48666	-6.83504062204488
24565	-6.96474325753196
56767	-7.07205432997711
95505	-7.08372397104463
44826	-7.1124554212924
90425	-7.11488498007015
3297	-7.15800932152121
3863	-7.26713081189805
35747	-7.31676796157748
83089	-7.38808546154755
13493	-7.5308097383343
78600	-7.53477668449476
35483	-7.64861897602674
101925	-7.69726261611471
10622	-7.78394955146604
69094	-7.80474839757702
60667	-7.84857663198137
72906	-7.86887104381369
79808	-8.01062797107803
95316	-8.13563014541979
51167	-8.18062947518008
78088	-8.1956420097026
71150	-8.19941542967246
77437	-8.21276115532566
34966	-8.26239144145801
63225	-8.31271527752568
9051	-8.54081312596691
15006	-8.58935220286565
9049	-8.67471782914924
72965	-8.75404807142891
74109	-8.94307068623228
30540	-9.1223699575952
31569	-9.12430115838087
30494	-9.26682178259924
78594	-9.2670172745629
21601	-9.35354314161856
24713	-9.38834844836958
7198	-9.51303860581373
74849	-9.51881800994083
48482	-9.82192673806179
51755	-9.83848731632376
85812	-9.86828866401358
25782	-10.2853211688934
15044	-10.3056481370448
50067	-10.3293058753344
71149	-10.3376895434541
16588	-10.337706316037
32017	-10.3533086935002
83006	-10.3661713199932
73252	-10.5857818478656
54488	-10.6084641375541
97883	-10.6240628601707
48480	-10.9694683250392
60334	-10.9697345146064
99989	-11.1165925081849
31165	-11.1814138639237
13809	-11.2563158134916
58252	-11.5457686574454
87775	-11.5754562616063
66085	-11.9307935567887
62199	-12.4306828097551
3910	-12.4394561248895
6883	-12.4824265559367
22121	-12.4847308247196
14354	-12.5690478060956
83882	-12.7285028965644
27099	-12.7684249743894
75223	-12.8102371094804
22025	-12.9371879200922
23806	-13.0886178327931
83328	-13.3995300031166
53753	-13.4119651814839
91182	-13.4283514603148
45632	-13.459716535011
35375	-13.6784794616938
59252	-13.7586789986555
47475	-13.9016118906466
84853	-14.1707967670544
93729	-14.1856527689206
48835	-14.2597636255936
92450	-14.2623804845416
78584	-14.3932017765645
75392	-14.4336507353306
68270	-14.5390074708204
8204	-14.7440481926369
31164	-14.8245027405075
90158	-14.8945634750379
35740	-15.2772066966628
21798	-15.464457751802
54238	-15.6133649705313
2057	-15.6959833530242
10507	-15.8033749477312
79610	-15.8807380102788
48092	-16.033410448121
61252	-16.0819155759901
21902	-16.2865848159695
44391	-16.432038477597
100279	-16.6834764573022
56035	-16.7338639519757
6726	-16.7547560949112
90742	-17.1825260076573
56996	-17.2644650988598
65705	-17.274113242295
85214	-17.3363651600432
95090	-17.3672098908588
27330	-17.4064605281258
5982	-17.4087411687597
64180	-17.4691861958946
80468	-17.5398618719467
41870	-17.6531487661919
75193	-17.656296121014
39467	-18.0083802489826
87244	-18.0674995076861
98855	-18.0896345361593
7502	-18.1269171426255
73698	-18.1534553306533
43391	-18.2033476338383
91804	-18.2049481998053
27388	-18.242059287405
104044	-18.2479384429978
90751	-18.2546339681659
83039	-18.2779839873238
39599	-18.2964247789165
59965	-18.381173401601
54212	-18.4041430801326
13772	-18.4125189301395
52395	-18.7429167856982
56994	-18.7675929346692
6857	-18.8548590355895
64764	-18.9527274438691
72072	-18.9743808035207
25760	-19.2284626787343
59966	-19.236674105853
41688	-19.2641854445345
92093	-19.3350821903167
43392	-19.3832189581963
68956	-19.448561767603
9337	-19.46569901018
43283	-19.5242385236355
47635	-19.5608458974835
34114	-19.6324583677697
2304	-19.645080229677
98225	-19.699281565468
8456	-19.7066598811361
82075	-19.747696087385
100793	-19.7908236407397
27387	-19.8212561379901
34113	-19.9119810455882
78816	-19.9193552837964
6855	-20.0317322111024
48209	-20.0751472102616
56898	-20.23289488214
46160	-20.2644442310509
95361	-20.3295878039793
10761	-20.3403062748881
95317	-20.3800265258226
36372	-20.3954323434738
74868	-20.5094584032648
81380	-20.6304536012495
37327	-20.6976132424107
7330	-20.6996905405474
9771	-21.1468291583556
77660	-21.1668561578821
101533	-21.1913087099433
56040	-21.2598561390247
24566	-21.3785591929511
84616	-21.4510469783468
27499	-21.4562941929624
17753	-21.4631260252374
21713	-21.5052097830258
70385	-21.6716339863671
92094	-21.709884771683
43404	-21.8510763312957
84618	-21.8571160895705
94258	-21.876347698976
34328	-21.9462196393866
73450	-21.9809832875183
91243	-22.0399126983312
5291	-22.1892364756088
89851	-22.2391248256519
51683	-22.2694130806296
51681	-22.351375832973
51682	-22.4449491978172
8966	-22.5205669918065
39842	-22.6640076392359
60654	-22.9260808347016
33896	-22.9281963660363
75530	-22.9625915311978
36057	-23.0103284440618
21296	-23.0649587960103
6902	-23.2044524761234
94819	-23.3000390143871
17340	-23.3538624843603
39727	-23.4159297346205
11632	-23.4227789551316
51884	-23.6501973425368
51885	-23.6501973425368
51675	-23.6689989665334
31315	-23.7689833276011
46672	-23.802626228547
94820	-23.8230485711328
22024	-23.8677648787994
45659	-23.876184049056
43405	-24.0051343635753
1613	-24.03786312893
60656	-24.0408126492861
92001	-24.089654157239
80243	-24.1335195451065
75529	-24.1668303808299
89850	-24.175913200251
65471	-24.4074095489761
90062	-24.5425623037181
29451	-24.6506645914428
57608	-24.7841543786136
43407	-24.7964381422401
14529	-24.7971869697578
818	-25.1142636166212
15615	-25.1864041402072
9079	-25.29100662622
75872	-25.3265361316815
65210	-25.5288678143081
69902	-25.5608112489194
7006	-25.562876038362
85120	-25.7529156289213
72808	-25.8486722204783
81524	-26.0787306122725
4856	-26.1379044282885
89629	-26.3084990013916
79581	-26.3127652452861
82487	-26.4891156911599
93351	-26.5141076616424
14537	-26.707083738843
10402	-26.7191839158448
57923	-26.8257754069077
56530	-27.0003028429091
70048	-27.0475020022953
7418	-27.2044881288298
94272	-27.4287492963449
64098	-27.5723483588861
97062	-27.6624733023899
98701	-27.9189467463869
70513	-27.9275701815455
64100	-27.9526276335545
63286	-27.991155053786
85188	-28.0085650387732
92791	-28.0796801550343
57543	-28.1392404366257
7416	-28.5967814727379
84324	-29.0242779244574
18750	-29.029547994423
49304	-29.0948591977357
32134	-29.1044134915443
32133	-29.1985599584678
92842	-29.3448226962373
82077	-29.359765737166
81821	-29.7196310886075
7414	-30.3268465247427
89729	-30.338814887846
4857	-30.7965026536958
51789	-30.947098716276
7415	-30.9600392376297
80634	-31.1279809344777
23924	-31.5670092458
80993	-31.5986819873213
83858	-31.6634913976338
56882	-31.9677214238285
37455	-31.9870491584496
81933	-32.0183504044352
59280	-32.6743323297891
92423	-32.8558293586548
6790	-33.1903096943482
27830	-33.7215064002911
164	-34.545179903184
81981	-34.9682354155607
68840	-35.0661633579349
81980	-35.299738045795
